   0.0000000e+00   0.0000000e+00   0.0000000e+00   0.0000000e+00   0.0000000e+00   0.0000000e+00
  -8.7889667e-03  -2.6139608e-02   6.2366005e-02   4.6703749e-05   1.2060377e-04  -1.2028040e-04
  -6.1155564e-03   1.2550953e-02   5.9539952e-02   4.7987355e-04   2.4247745e-05   7.4153248e-06
  -1.3835078e-02  -1.9725304e-02   6.0174743e-02   3.2801061e-04   3.9649063e-04  -2.3683820e-04
  -2.1553054e-02  -1.4183503e-02   7.1321866e-02   1.1086792e-03   1.5730152e-04  -3.6021517e-04
  -2.2177789e-02   5.1805170e-03   7.3936928e-02   1.1896393e-03   3.5478744e-05  -3.0392534e-04
  -2.5606866e-02  -2.1317490e-03   6.9935988e-02   1.2829576e-03   2.3218032e-05  -3.4669171e-04
  -3.6908299e-02  -3.1090951e-02   5.4429377e-02   7.2045002e-04  -1.3173899e-04  -5.4683203e-04
  -3.1859244e-02  -4.5236548e-02   8.1518686e-02   5.6346925e-04  -3.5338019e-05  -4.2182622e-04
  -2.5829016e-02  -1.2895355e-03   8.0628506e-02   8.5553958e-04  -2.8104663e-04  -1.7281062e-04
  -3.0088888e-02   5.9081975e-04   7.6526312e-02   9.3373048e-04  -1.3291246e-04  -2.2528455e-04
  -4.6062787e-02  -3.7962324e-02   5.0973739e-02   5.0991969e-04  -5.9344413e-04  -3.7575943e-04
  -3.7895328e-02  -5.2623641e-02   8.1144387e-02   4.5031410e-04  -3.9231687e-04  -2.3761370e-04
  -3.5477368e-02  -3.5242483e-02   9.7800964e-02   1.9056170e-04  -6.5493410e-04  -2.5106208e-04
  -3.5462264e-02  -3.0242542e-02   5.0600467e-02   1.2965027e-03  -3.9614422e-04  -9.2004353e-06
  -2.4308386e-02  -2.5907905e-02   2.6509726e-02   8.3738126e-04  -5.6862216e-04   8.3369364e-05
  -3.2097847e-02  -4.9260442e-02   5.5858000e-02   8.4063444e-05  -4.3395909e-04  -1.0657393e-04
  -2.9818561e-02  -2.1450941e-02   5.1656862e-02   7.3671710e-04  -4.7400899e-04  -9.9441474e-05
  -3.3402803e-02  -5.6966752e-02   7.7642574e-02   3.9859994e-04  -2.8130223e-04  -1.5980616e-04
  -3.5002600e-02  -5.6798724e-02   2.4571879e-02  -1.4168277e-04  -8.0855434e-04  -1.2553283e-04
  -4.0460012e-02  -8.7792228e-02   3.7345892e-02  -7.5548449e-04  -8.0125687e-04  -1.2517032e-04
  -3.1963936e-02  -5.6521656e-02   7.4341802e-02   3.6159573e-05  -4.1533421e-04  -1.6465689e-04
  -4.0076114e-02  -8.0935768e-02   5.1616056e-02   9.7476951e-05  -4.9885916e-04  -1.9756961e-04
  -3.3792583e-02  -7.0911991e-02   5.9152404e-02   6.9582460e-06  -5.6289032e-04  -4.5433022e-05
  -3.3243619e-02  -1.0975983e-01   5.8178917e-02  -7.1905874e-04  -7.5118044e-04  -8.7999343e-05
  -4.3398799e-02  -7.5834763e-02   7.2439585e-02  -3.6479124e-04  -7.8269697e-04  -5.3823721e-05
  -4.2548503e-02  -1.0162887e-01   7.7508060e-02  -6.9643333e-04  -7.4014575e-04  -7.1212162e-05
  -2.9956817e-02  -8.2075015e-02   7.2042356e-02  -3.3303254e-04  -6.8831335e-04   2.1498263e-05
  -3.4206585e-02  -1.3652402e-01   4.5141894e-02  -1.6760684e-03  -7.8864805e-04  -1.3975443e-04
  -3.5804769e-02  -1.2689792e-01   9.4106784e-02  -1.0847205e-03  -7.5719323e-04  -6.3051570e-05
  -3.6222891e-02  -9.8680945e-02   5.4826072e-02  -9.5134383e-04  -8.0232486e-04  -2.9953836e-06
  -3.2860084e-02  -9.8795234e-02   6.5754265e-02  -8.7755297e-04  -4.8715956e-04  -1.6640865e-04
  -3.1298104e-02  -8.7428912e-02   7.5656524e-02  -1.1717237e-03  -8.5533034e-04  -6.5138136e-08
  -3.2346068e-02  -9.8273642e-02   8.7382018e-02  -1.0411430e-03  -7.8278231e-04  -6.7835745e-05
  -3.2241601e-02  -9.1697709e-02   8.3601806e-02  -1.0181431e-03  -8.5679674e-04  -7.3321228e-06
  -3.2411042e-02  -1.2472935e-01   1.0099351e-01  -7.7286640e-04  -5.3365416e-04  -1.7912449e-04
  -3.8774251e-02  -1.4002145e-01   4.8516219e-02  -1.1057905e-03  -8.7748741e-04  -2.7370797e-04
  -4.8291350e-02  -1.5731227e-01   2.7884717e-02  -2.6939059e-04  -8.6259598e-04  -6.2773623e-04
  -3.7567529e-02  -1.0100221e-01   2.2293150e-02   2.8760546e-04  -4.7251017e-04  -5.4285277e-04
  -3.9090812e-02  -1.2303039e-01   2.5865643e-02  -2.6675112e-04  -5.5514216e-04  -3.7421288e-04
  -3.4222956e-02  -1.0458700e-01   4.4203004e-02  -3.4180031e-04  -5.2503442e-04  -4.7019604e-04
  -3.5818309e-02  -1.2185951e-01   5.7603265e-02  -8.3522867e-04  -7.6640042e-04  -1.4869676e-04
  -3.3943355e-02  -1.1026675e-01   7.1563354e-02  -6.0780793e-04  -8.2234329e-04  -2.8220270e-04
  -3.5843568e-02  -1.1680831e-01   9.1654503e-02  -1.0053835e-03  -8.6531411e-04  -1.0041433e-04
  -3.3965184e-02  -1.1975271e-01   8.2077830e-02  -6.8264680e-04  -7.9363266e-04  -2.8641303e-04
  -3.2126116e-02  -1.4726045e-01   4.3814072e-02  -1.1696191e-03  -1.4956675e-03  -2.0751745e-04
  -3.0294776e-02  -1.3229542e-01   6.8940912e-02  -6.2468341e-04  -6.3980190e-04  -2.2995402e-04
  -3.0801159e-02  -1.3085205e-01   3.0162874e-02  -9.5462398e-04  -6.1284873e-04  -4.9001334e-04
  -4.0587110e-02  -1.3898053e-01   2.2212037e-02  -1.2213678e-03  -5.5314781e-04  -5.6568499e-04
  -3.8891574e-02  -1.4990579e-01   7.3530376e-02  -1.7711258e-03  -3.8914018e-04  -3.5655223e-04
  -3.4923191e-02  -1.4846280e-01   5.9423094e-02  -1.7679516e-03  -4.2739609e-04  -3.6809943e-04
  -3.4441488e-02  -1.5324192e-01   7.1065148e-02  -1.3135264e-03  -3.2653685e-04  -3.8618559e-04
  -3.2162472e-02  -1.6022310e-01   6.6727108e-02  -1.3219047e-03  -5.1457193e-04  -3.7300322e-04
  -3.7669807e-02  -1.7634078e-01   8.3151673e-02  -1.2356724e-03  -1.7239057e-04  -4.4336663e-04
  -3.4149315e-02  -1.7667947e-01   5.4269676e-02  -1.6111244e-03  -1.1580446e-04  -4.6436097e-04
  -3.4997217e-02  -1.5709372e-01   6.2678468e-02  -1.8807036e-03  -4.4451758e-04  -3.7408005e-04
  -2.9867119e-02  -1.5677454e-01   5.3255120e-02  -1.6791907e-03  -3.3009733e-04  -3.9046487e-04
  -3.0970784e-02  -1.3968055e-01   6.7290972e-02  -2.1407570e-03  -6.9467275e-04  -4.1263087e-04
  -3.6293908e-02  -1.8317717e-01   9.9434196e-02  -2.1417702e-03  -6.6763488e-04  -3.7219850e-04
  -2.7992127e-02  -1.4076610e-01   7.5480174e-02  -2.1792053e-03  -6.4452424e-04  -2.5050655e-04
  -2.8270540e-02  -1.7564955e-01   8.9495341e-02  -1.7668334e-03  -4.8257126e-04  -2.7367287e-04
  -3.5000352e-02  -1.6709574e-01   7.9769077e-02  -1.4775122e-03  -3.3958409e-04  -3.9192104e-04
  -2.7080703e-02  -1.7172098e-01   6.4704987e-02  -1.5752122e-03  -2.9541427e-04  -3.9980012e-04
  -2.7517336e-02  -1.2910510e-01   2.9211185e-02  -9.0915698e-04  -3.7646124e-04  -3.2413621e-04
  -2.9181841e-02  -1.5178690e-01   4.2731656e-02  -8.1965377e-04  -3.4651889e-04  -3.2085750e-04
  -2.1313347e-02  -1.1918092e-01  -3.6004203e-04  -1.1009655e-03  -4.6435385e-04  -3.4018187e-04
  -3.5453180e-02  -1.3205212e-01   2.4609196e-02  -6.5416768e-04  -6.2270857e-04  -4.5479589e-04
  -2.9605507e-02  -1.2508100e-01   2.7606987e-03   4.4412285e-04  -3.6749385e-04  -6.0381850e-04
  -2.5689742e-02  -1.2221292e-01  -1.0513234e-02  -2.4424007e-05  -2.5385681e-04  -6.4933531e-04
  -2.5213716e-02  -1.2976348e-01   1.0654504e-02  -6.3327947e-05  -3.3738091e-04  -4.4810092e-04
  -1.9588696e-02  -1.5018829e-01  -5.3631706e-03  -6.9457699e-04  -4.2187911e-04  -4.8125409e-04
  -2.1897051e-02  -1.3180783e-01  -2.2081545e-02   6.1757886e-05  -6.0198856e-04  -5.6680862e-04
  -2.1369650e-02  -1.4080081e-01  -3.2295332e-02  -1.9217158e-04  -2.1521162e-04  -5.8098573e-04
  -2.1811579e-02  -1.3372684e-01  -2.6042631e-03  -2.3591625e-04  -4.2108010e-04  -5.6623302e-04
  -3.3159692e-02  -1.6788169e-01  -2.1439028e-03  -4.5896692e-04  -2.7812215e-04  -6.2683589e-04
  -2.6983896e-02  -1.7938958e-01   1.7355445e-02  -6.3513109e-04  -2.2054030e-04  -6.5354735e-04
  -2.3454183e-02  -1.3786764e-01  -3.2650466e-02  -2.5455621e-04  -4.7777740e-04  -5.3736660e-04
  -2.4475600e-02  -1.4755837e-01  -1.2130889e-02   1.6793733e-04  -6.6762055e-05  -6.1532293e-04
  -2.6049046e-02  -1.7755397e-01  -3.4390216e-02  -4.7723533e-05  -5.5046755e-04  -6.9124325e-04
  -2.4480468e-02  -1.9042959e-01  -1.9885764e-02  -1.6527502e-05  -5.9647459e-04  -8.0059132e-04
  -2.1632758e-02  -1.5823545e-01  -4.0915260e-02   5.5547912e-04  -5.6301850e-04  -6.6940871e-04
  -2.2689438e-02  -1.7620288e-01  -4.1436603e-02   3.4370095e-04  -6.0808068e-04  -7.6698514e-04
  -2.8132225e-02  -1.9612892e-01  -3.3114346e-02   1.6231062e-04  -6.1633635e-04  -7.3575582e-04
  -3.2732770e-02  -2.1047741e-01  -4.2913035e-02   9.3573855e-04  -6.8280213e-04  -8.7850169e-04
  -2.2319744e-02  -1.6708194e-01  -2.9270231e-02   1.1152180e-03  -4.2564520e-04  -8.0433615e-04
  -2.0074517e-02  -1.7921113e-01  -6.8290687e-02   5.7838499e-04  -5.3442576e-04  -7.9044916e-04
  -1.2812909e-02  -1.4381629e-01  -5.1810542e-02   6.9127818e-04  -4.7937831e-04  -7.9327812e-04
  -1.8279856e-02  -1.8557045e-01  -3.9888747e-02   1.2400608e-04  -5.5408799e-04  -7.4018178e-04
  -1.6740283e-02  -1.5522859e-01  -1.8131874e-02   1.0638060e-04  -5.7128037e-04  -6.8079738e-04
  -2.2600300e-02  -1.7867090e-01  -1.7463615e-02   9.3913582e-05  -5.6176564e-04  -7.4032024e-04
  -2.0060096e-02  -1.5320012e-01  -4.0583667e-02   1.0806436e-04  -5.8850540e-04  -6.6277654e-04
  -4.2798675e-02  -1.8919208e-01  -4.8829666e-02  -7.4102446e-04  -6.6412001e-04  -1.1728908e-03
  -3.9479470e-02  -1.4676235e-01  -4.4759358e-02   8.3198371e-04  -3.4666893e-04  -1.4680305e-03
  -3.8573637e-02  -1.7798890e-01  -5.2993493e-02   4.2380557e-05  -2.7830672e-04  -1.2739468e-03
  -2.9353795e-02  -1.5131237e-01  -6.1663791e-02   9.7370400e-06  -5.0829164e-04  -1.1400491e-03
  -3.4175837e-02  -1.6230249e-01  -8.2143495e-02  -3.7213522e-04  -9.1922467e-04  -1.2279896e-03
  -3.1762347e-02  -1.7618864e-01   9.4883292e-03  -1.0787946e-04  -3.4755043e-04  -1.0453624e-03
  -2.9129900e-02  -1.8531359e-01  -2.1950462e-02  -4.2507685e-04  -3.3039592e-05  -1.1542143e-03
  -2.0589011e-02  -1.6648116e-01  -4.6329646e-02  -2.3298120e-04  -2.8141471e-04  -1.1181709e-03
  -3.1023828e-02  -1.7221488e-01  -4.1545894e-02  -2.3361110e-04  -7.8073550e-04  -1.1865167e-03
  -2.6275189e-02  -2.0730400e-01   8.0129791e-03  -4.7742807e-04  -5.5777292e-04  -1.1358541e-03
  -1.8527381e-02  -1.6206897e-01  -4.4342165e-02  -4.7005363e-04  -6.9859071e-04  -1.1031751e-03
  -2.6787520e-02  -1.9040375e-01  -1.5745733e-02  -3.4951256e-04  -5.6493257e-04  -1.1631402e-03
  -4.0073400e-02  -2.0057996e-01  -5.7322908e-02  -4.2866396e-04  -6.7294082e-04  -1.2428285e-03
  -4.6912915e-02  -2.1688618e-01  -4.5733522e-02   2.6918813e-04  -8.1387517e-04  -1.4095344e-03
  -3.1123927e-02  -1.7026992e-01  -6.8784260e-02   1.2168117e-05  -6.7613101e-04  -1.3984713e-03
  -1.6319810e-02  -1.7716708e-01  -7.4213417e-02   2.4393849e-04  -3.7826742e-04  -1.3054298e-03
  -8.2594512e-03  -1.8268890e-01  -8.3514215e-02   2.5402742e-04  -5.9708977e-04  -1.3938204e-03
  -1.2799925e-02  -1.8664685e-01  -4.9183011e-02   7.7344257e-05  -3.9746965e-04  -1.4802384e-03
  -1.7247466e-02  -1.8056475e-01  -6.7200477e-02   8.9887288e-05  -5.6275578e-04  -1.4993125e-03
  -1.7327538e-02  -1.7654459e-01  -5.7792749e-02   4.8390648e-04  -4.6194019e-04  -1.4750874e-03
  -2.1258516e-02  -2.0571510e-01  -5.7439320e-02  -1.4673963e-05  -6.2868984e-04  -1.6061714e-03
  -2.7715561e-02  -2.1758950e-01  -6.5803174e-02  -3.8553708e-05  -2.3547526e-04  -1.6758295e-03
  -9.2268327e-03  -2.0016230e-01  -9.7991839e-02   6.5761163e-04  -9.6163889e-05  -1.5834126e-03
  -1.8844321e-02  -2.1015815e-01  -1.0944472e-01   1.9607960e-04  -1.8170114e-04  -1.7291169e-03
  -1.8140551e-02  -1.9471512e-01  -1.1459306e-01   5.7790324e-04   1.6338830e-04  -1.6315327e-03
  -3.3395538e-02  -2.2901069e-01  -1.6875201e-01   4.0894524e-04   3.1555960e-04  -1.8467969e-03
  -1.4501168e-02  -2.1810018e-01  -1.0733282e-01   9.4793217e-04   3.3131536e-04  -1.9112315e-03
  -1.0563392e-02  -1.9574606e-01  -1.4876472e-01   9.3731559e-04   1.8322185e-04  -1.9760839e-03
  -7.9485674e-03  -2.0426535e-01  -1.1474284e-01   1.5409018e-03   2.6980456e-04  -1.8641243e-03
  -8.2702726e-03  -2.0128276e-01  -1.2408692e-01   8.5464835e-04  -1.1806386e-04  -1.5864925e-03
  -6.5688076e-03  -2.3150577e-01  -9.0498063e-02   1.3139174e-03  -1.4429294e-04  -1.7579253e-03
  -1.2622592e-02  -2.1641109e-01  -1.2786226e-01   1.0421781e-03  -2.9825645e-04  -1.7957362e-03
  -1.0029319e-02  -2.2467308e-01  -1.0393040e-01   9.4698389e-04   8.6880152e-05  -1.6993178e-03
  -9.6794390e-03  -2.2384089e-01  -1.3873978e-01   9.3286060e-04  -3.5685956e-05  -1.7139797e-03
  -5.5163375e-03  -2.3311199e-01  -1.2289806e-01   1.0314685e-03  -1.2703982e-04  -1.7416121e-03
  -9.6075332e-03  -2.3472888e-01  -1.4136018e-01   1.0646754e-03  -2.4758510e-04  -1.6941266e-03
  -1.8572315e-03  -2.5688920e-01  -9.7532286e-02   1.4012456e-03  -1.3884173e-04  -1.6742575e-03
  -7.9893804e-03  -2.8635789e-01  -1.3984552e-01   9.5686346e-04  -5.6360628e-04  -1.8738499e-03
  -9.0121661e-03  -2.7736933e-01  -1.3154445e-01   9.8291268e-04  -4.3106625e-04  -1.6398063e-03
  -5.6788690e-03  -2.4715159e-01  -1.3922809e-01   1.5849718e-03  -2.6250222e-04  -1.5847286e-03
  -5.3743633e-03  -2.6286543e-01  -1.3308712e-01   1.5487556e-03  -3.0674586e-04  -1.6494687e-03
  -1.0307535e-02  -2.5407502e-01  -1.2656033e-01   1.9104868e-03  -3.8747310e-04  -1.8130695e-03
  -1.0147448e-02  -2.7311884e-01  -1.1915956e-01   1.5220180e-03  -4.5152731e-04  -1.7390082e-03
  -2.7692072e-03  -2.5306319e-01  -1.0671870e-01   1.7443652e-03  -5.4111850e-04  -1.4393554e-03
  -8.8988356e-03  -2.5909366e-01  -1.5597449e-01   1.7396450e-03  -2.4036002e-04  -1.7658604e-03
  -1.2559420e-02  -2.5101895e-01  -1.2875019e-01   1.6917509e-03  -2.4464445e-04  -1.9450265e-03
  -7.6998886e-03  -2.5586581e-01  -1.4701614e-01   1.3866837e-03  -3.4156505e-04  -1.8881891e-03
  -8.3757498e-03  -2.1945286e-01  -1.3367939e-01   1.5516504e-03  -4.7897830e-04  -1.6720178e-03
  -6.0023135e-03  -2.2206172e-01  -1.2082301e-01   1.1745835e-03  -5.9284573e-04  -1.6146748e-03
   4.7052436e-03  -2.1175465e-01  -1.3249308e-01   8.5099816e-04  -6.2074664e-04  -1.4659878e-03
   5.2418650e-03  -2.2485337e-01  -1.1978742e-01   8.5777353e-04  -6.1778069e-04  -1.5308886e-03
  -2.1144620e-03  -2.1876881e-01  -1.1053823e-01   7.7305120e-04  -9.2765498e-04  -1.3524603e-03
   1.6541225e-04  -2.4571567e-01  -9.6307372e-02   8.1755448e-04  -7.2646041e-04  -1.4802436e-03
   1.7621427e-03  -2.2777379e-01  -1.1637366e-01   1.3699467e-03  -8.2892133e-04  -1.3459029e-03
  -1.2139430e-02  -2.6917763e-01  -1.7469998e-01   8.1881232e-04  -1.2429304e-03  -1.4903763e-03
  -3.2000835e-03  -2.2823676e-01  -1.2272471e-01   1.2562871e-03  -1.1392476e-03  -1.4951062e-03
  -6.4187074e-03  -2.5081081e-01  -1.0650502e-01   1.1933727e-03  -1.0568473e-03  -1.3820468e-03
   1.3645809e-03  -2.5097966e-01  -1.5235954e-01   1.3162750e-03  -9.7758859e-04  -1.2602788e-03
  -1.3871471e-02  -2.4691047e-01  -1.8215154e-01   1.4085951e-03  -9.1781158e-04  -1.4187640e-03
  -1.0740711e-02  -2.5565437e-01  -1.2592917e-01   1.3134474e-03  -7.8255815e-04  -1.5961335e-03
  -9.1449230e-03  -2.2370443e-01  -1.4569095e-01   1.3701686e-03  -9.7422684e-04  -1.5600581e-03
  -9.5418428e-04  -2.3513989e-01  -1.4188902e-01   1.3774316e-03  -8.9237823e-04  -1.2423749e-03
   8.7818030e-04  -2.5286261e-01  -1.4459195e-01   1.0473902e-03  -1.0953678e-03  -1.0724235e-03
  -4.9645759e-03  -2.4180817e-01  -1.2496505e-01   1.2303620e-03  -1.1765456e-03  -1.1954763e-03
  -2.6218711e-03  -2.3159688e-01  -1.2185305e-01   1.2136818e-03  -1.2599901e-03  -1.2104706e-03
  -7.3206816e-03  -2.5216756e-01  -1.2443229e-01   1.4452549e-03  -1.0702255e-03  -1.2368408e-03
  -1.1669263e-02  -2.4389714e-01  -1.3603796e-01   1.4740452e-03  -1.5721390e-03  -1.1894839e-03
  -1.3863416e-02  -2.7185784e-01  -1.3647302e-01   1.0984606e-03  -1.5681408e-03  -1.2592119e-03
  -1.7625433e-03  -2.4732338e-01  -1.0819256e-01   1.5833369e-03  -1.3071827e-03  -1.2669875e-03
  -2.5891048e-03  -2.5493487e-01  -1.2780659e-01   1.6797869e-03  -1.2737489e-03  -1.1124288e-03
  -6.8257639e-03  -2.4681577e-01  -1.2973591e-01   1.8977507e-03  -1.3878689e-03  -1.2535066e-03
  -1.4847360e-02  -2.6910592e-01  -1.7619196e-01   1.6479159e-03  -1.4556617e-03  -1.3184525e-03
  -7.2584604e-03  -2.5136194e-01  -1.3935569e-01   1.3674624e-03  -1.5901595e-03  -1.2946349e-03
  -1.0743586e-02  -2.7750200e-01  -1.5157187e-01   1.6194945e-03  -1.0942533e-03  -1.2234676e-03
  -2.6091378e-02  -3.0872842e-01  -9.8451288e-02   2.3568665e-03  -1.1273000e-03  -1.0635883e-03
  -2.4716856e-02  -3.2325234e-01  -1.8038269e-01   1.2360210e-03  -1.4813603e-03  -1.5658213e-03
  -2.0346666e-02  -2.9276299e-01  -1.8884310e-01   2.5010031e-03  -4.8757880e-04  -1.6759031e-03
  -1.4767309e-02  -2.6487686e-01  -1.6884607e-01   1.9926024e-03  -6.1351944e-04  -1.8577324e-03
  -1.0148523e-02  -2.6557679e-01  -1.7224488e-01   2.5260184e-03  -5.2371077e-04  -1.7979592e-03
  -2.4171127e-02  -3.0769371e-01  -1.9897158e-01   2.0574915e-03  -9.0903749e-04  -1.8282552e-03
  -2.0526108e-02  -3.0831021e-01  -1.6861731e-01   1.7770397e-03  -9.1281302e-04  -1.7281811e-03
  -1.5259427e-02  -2.5060341e-01  -1.9941401e-01   2.1214896e-03  -9.3679205e-04  -1.7540594e-03
  -1.5703743e-02  -2.6387917e-01  -1.9335059e-01   2.0224750e-03  -1.0630906e-03  -1.6717525e-03
  -1.4570088e-02  -3.1229821e-01  -2.0450802e-01   1.6850788e-03  -1.1715013e-03  -1.6245219e-03
  -1.3373742e-02  -2.8007807e-01  -1.7439116e-01   2.3101954e-03  -8.2042941e-04  -1.5783011e-03
  -7.8729802e-03  -2.3809749e-01  -2.1724012e-01   2.5267273e-03  -1.1226975e-03  -1.5078295e-03
  -1.4620144e-02  -2.7469132e-01  -1.8712162e-01   2.4570989e-03  -8.7438568e-04  -1.5265472e-03
  -7.1838362e-03  -2.6688357e-01  -1.8523085e-01   2.1484491e-03  -9.6903866e-04  -1.4706716e-03
  -1.0548435e-02  -2.8784923e-01  -2.0423722e-01   1.9227357e-03  -8.5039535e-04  -1.4767434e-03
  -6.7525140e-03  -2.6541021e-01  -1.9714065e-01   1.7523518e-03  -1.0567383e-03  -1.4325902e-03
  -6.4953770e-03  -2.7656715e-01  -1.9853850e-01   1.5355251e-03  -1.1290346e-03  -1.3641674e-03
  -6.2334913e-03  -2.6267636e-01  -2.0011132e-01   1.6809671e-03  -1.1291527e-03  -1.3313561e-03
  -6.5900989e-03  -3.0053407e-01  -1.7879173e-01   1.2761475e-03  -1.1484530e-03  -1.2966877e-03
  -2.6584982e-03  -2.8377233e-01  -1.7834725e-01   1.9643412e-03  -1.1596703e-03  -1.2320420e-03
  -4.0485933e-03  -3.1809397e-01  -1.8493994e-01   2.0552586e-03  -1.0306160e-03  -1.2141147e-03
  -4.1919995e-03  -2.8448453e-01  -2.1988092e-01   1.9283249e-03  -1.2185265e-03  -1.1939659e-03
  -1.4093518e-02  -3.1437379e-01  -2.1926249e-01   2.0667312e-03  -2.5767768e-04  -1.2487697e-03
  -6.5745953e-03  -3.1693970e-01  -1.9385208e-01   2.0060649e-03  -7.1413578e-04  -1.0891412e-03
  -1.0854488e-02  -2.9445851e-01  -2.0877675e-01   2.0837271e-03  -1.1212804e-03  -1.1913376e-03
  -9.1330354e-03  -2.9368006e-01  -1.9295485e-01   2.1450306e-03  -8.9699667e-04  -1.2548476e-03
  -1.0202443e-02  -3.0962038e-01  -1.9871085e-01   1.7185856e-03  -1.2238562e-03  -1.1013072e-03
  -5.3672821e-03  -3.2528814e-01  -1.5145675e-01   2.0359877e-03  -1.4017918e-03  -1.2273805e-03
  -5.9614367e-03  -3.4711904e-01  -1.9095870e-01   2.1862842e-03  -1.5241261e-03  -1.1525417e-03
  -4.7758437e-03  -3.4688570e-01  -2.0341151e-01   1.8321839e-03  -1.0490814e-03  -1.0994182e-03
  -1.1103032e-02  -3.6963978e-01  -2.2539112e-01   1.9154886e-03  -1.3681710e-03  -1.2237586e-03
  -7.6040657e-03  -3.4760843e-01  -2.1228360e-01   2.0306003e-03  -1.2163516e-03  -1.1592563e-03
  -1.2588243e-03  -3.1288298e-01  -2.1829235e-01   2.2847668e-03  -1.0914699e-03  -1.0817090e-03
  -6.6234509e-03  -3.2709284e-01  -1.9713932e-01   2.2935254e-03  -7.9651862e-04  -1.3774241e-03
   1.8751730e-03  -3.0354543e-01  -1.9034137e-01   2.2582865e-03  -8.6631385e-04  -1.2015781e-03
  -1.5357444e-03  -3.2267105e-01  -1.7725373e-01   2.0176603e-03  -7.5585441e-04  -1.1309217e-03
  -2.7726442e-04  -3.2521127e-01  -1.6334965e-01   2.7017968e-03  -6.8861962e-04  -1.2822631e-03
  -2.2384982e-03  -3.2864311e-01  -2.0757605e-01   2.9978084e-03  -7.2829197e-04  -1.4134742e-03
  -8.2881143e-04  -2.8756238e-01  -2.0103467e-01   3.3136823e-03  -8.3069626e-04  -1.3372366e-03
  -4.1542414e-03  -3.2242467e-01  -2.2258737e-01   2.7588123e-03  -8.6392726e-04  -1.4214085e-03
   3.7132056e-03  -2.8805402e-01  -2.2020232e-01   3.0735203e-03  -1.0442995e-03  -1.1186025e-03
  -1.3497648e-02  -3.2538993e-01  -2.4215593e-01   2.7511563e-03  -1.0067326e-03  -1.2904910e-03
  -1.0702722e-02  -3.2695553e-01  -2.6193679e-01   1.9958508e-03  -6.8256570e-04  -1.4423487e-03
  -1.9825858e-02  -3.2717270e-01  -2.3536409e-01   2.9363925e-03  -8.9571561e-04  -1.3635427e-03
  -1.3278403e-02  -3.2218127e-01  -2.7060152e-01   3.0502423e-03  -6.2825091e-04  -1.3856394e-03
  -7.3290944e-03  -3.4434982e-01  -2.2246003e-01   2.8515589e-03  -3.3440925e-04  -1.6361086e-03
  -7.5764630e-04  -3.1791317e-01  -2.4442449e-01   3.7166719e-03  -6.5211248e-04  -1.5867334e-03
  -1.7734627e-02  -3.2155283e-01  -2.4754510e-01   3.2382135e-03  -1.0451534e-03  -1.4904579e-03
  -4.9873489e-03  -3.1703590e-01  -2.3252883e-01   3.5520115e-03  -1.0135759e-03  -1.3404301e-03
  -7.6297441e-03  -3.1888185e-01  -2.2329174e-01   3.1038365e-03  -8.8233629e-04  -1.3575328e-03
  -2.3183483e-03  -2.9976987e-01  -2.3780308e-01   3.3941545e-03  -6.2320490e-04  -1.4065370e-03
  -1.9388906e-02  -3.1931334e-01  -2.4429606e-01   3.2047177e-03  -3.5076582e-04  -1.5341246e-03
  -2.3417273e-02  -3.4424982e-01  -1.5176016e-01   2.9624185e-03   7.3527304e-05  -1.7038138e-03
  -1.0457307e-02  -3.0401640e-01  -2.5613616e-01   3.5551471e-03  -2.5359820e-04  -1.5050149e-03
  -1.1222237e-02  -3.1064280e-01  -2.2343687e-01   4.2137310e-03   5.9719086e-04  -1.6815258e-03
  -1.4546037e-02  -3.3280941e-01  -2.7213068e-01   3.9160836e-03   6.6470605e-04  -1.7241962e-03
  -2.0857497e-02  -3.5785627e-01  -2.5821180e-01   4.2896066e-03   5.6531092e-04  -2.0437243e-03
  -7.3525602e-03  -3.1159564e-01  -2.2767895e-01   4.4288087e-03   1.5897411e-04  -1.7352118e-03
  -3.6858503e-03  -3.1776735e-01  -2.5268396e-01   4.2087972e-03   2.3829627e-04  -1.5647731e-03
   4.9717664e-03  -3.1185093e-01  -2.3094699e-01   4.3907721e-03   1.4367121e-04  -1.4535326e-03
   5.3142336e-03  -3.1132303e-01  -2.2268607e-01   4.4017855e-03   3.3728600e-04  -1.3474284e-03
   1.1066816e-02  -3.1785276e-01  -1.9930022e-01   4.4130937e-03   1.4334542e-04  -1.3792385e-03
   6.2216020e-03  -3.5301562e-01  -2.0437279e-01   4.0547243e-03   3.8745181e-05  -1.2576042e-03
   7.1888094e-03  -3.4456898e-01  -2.6676347e-01   3.9882261e-03  -3.0204567e-04  -1.4947155e-03
  -1.1850268e-03  -3.6151754e-01  -2.6632334e-01   3.9198428e-03  -2.6649758e-04  -1.4358204e-03
   1.3371405e-02  -3.4529646e-01  -2.1466594e-01   4.2352723e-03   6.0225091e-05  -1.1121785e-03
   7.3588360e-03  -3.1461281e-01  -2.8786132e-01   4.4224905e-03  -2.0851305e-04  -1.2176986e-03
   9.1985357e-03  -3.1537377e-01  -2.2671588e-01   4.6332139e-03   4.7610415e-05  -1.2039439e-03
  -1.7774477e-03  -3.4539029e-01  -2.6584619e-01   4.4066904e-03   1.2722275e-05  -1.2223159e-03
   2.0703108e-02  -3.2844218e-01  -2.1962086e-01   4.0452952e-03   1.9625059e-04  -1.3181562e-03
  -1.2093365e-03  -3.7234884e-01  -2.1029460e-01   3.9476465e-03  -3.9309370e-05  -1.0825111e-03
   1.4684429e-02  -3.5449582e-01  -2.4471749e-01   4.8749487e-03  -2.9794559e-04  -9.5754438e-04
  -2.4132359e-02  -4.0104617e-01  -3.9087592e-01   4.0836632e-03  -1.3341908e-03  -1.2229205e-03
  -4.4475393e-02  -4.1155555e-01  -2.2089443e-01   2.7199914e-03  -8.3983222e-04  -1.3796091e-03
  -1.3475386e-02  -3.6135069e-01  -1.9306173e-01   4.1314405e-03  -5.5963809e-05  -1.5201897e-03
  -1.0682504e-02  -3.5046987e-01  -2.5393313e-01   4.7295023e-03  -4.9587939e-04  -1.4319263e-03
  -1.5247895e-02  -3.5313925e-01  -2.5944170e-01   4.2138981e-03  -7.7642129e-04  -1.4328622e-03
  -1.6976640e-02  -3.3112688e-01  -2.2951843e-01   4.4418860e-03  -4.0359142e-04  -1.4861309e-03
  -6.5347355e-03  -3.3281649e-01  -2.4356876e-01   4.5115779e-03  -4.3884835e-04  -1.5511243e-03
  -1.2884286e-02  -3.3589187e-01  -2.3693089e-01   4.9587165e-03  -1.3197582e-04  -1.6446121e-03
  -1.9711241e-02  -3.5438946e-01  -2.6047712e-01   5.3212669e-03  -2.4173560e-04  -1.6537993e-03
  -1.9595070e-02  -3.4834056e-01  -2.7084965e-01   5.5976633e-03  -6.5937785e-04  -1.5742161e-03
  -8.0310659e-03  -3.4372284e-01  -3.1251912e-01   5.0786272e-03  -3.9522093e-04  -1.6529318e-03
  -5.2703029e-03  -3.3829480e-01  -3.1992837e-01   5.0603021e-03  -6.0648272e-04  -1.4541894e-03
   1.3083711e-03  -3.3044115e-01  -3.0279494e-01   5.0628151e-03  -7.9218473e-04  -1.5824355e-03
  -3.7224150e-04  -3.7932781e-01  -2.8911613e-01   4.7377475e-03  -6.6015624e-04  -1.4017463e-03
   1.0947724e-02  -3.3527766e-01  -2.8925745e-01   5.2140936e-03  -6.9040454e-04  -1.2014767e-03
   1.1756507e-02  -3.5486235e-01  -3.2202070e-01   4.9378563e-03  -6.9616991e-04  -1.2646420e-03
   1.6428191e-02  -3.4619617e-01  -3.0773826e-01   5.1717354e-03  -5.2162844e-04  -1.2070677e-03
   1.4882394e-02  -3.7268835e-01  -3.0414707e-01   5.0602201e-03  -5.2925914e-04  -1.1840337e-03
   2.3163875e-02  -3.6665588e-01  -3.0079459e-01   5.4388093e-03  -3.5518699e-04  -1.2037545e-03
   2.0950929e-02  -3.8686723e-01  -3.1286790e-01   5.0933749e-03  -3.7541588e-04  -1.1258646e-03
   2.8705673e-02  -3.6205891e-01  -3.1013095e-01   5.9829883e-03  -4.7970625e-04  -9.7538684e-04
   2.4094854e-02  -3.6990858e-01  -3.4207081e-01   5.8367542e-03  -7.2920516e-04  -1.1367187e-03
   2.7863081e-02  -3.7934423e-01  -3.2439533e-01   5.3743892e-03  -6.0566511e-04  -1.0884103e-03
   2.1807009e-02  -3.5566881e-01  -3.5252397e-01   5.2070112e-03  -7.3220830e-04  -1.1313255e-03
   7.0330760e-03  -4.0044792e-01  -3.2672080e-01   5.1430009e-03  -1.4966780e-04  -1.2213235e-03
  -2.6886649e-02  -4.4812020e-01  -3.6395234e-01   5.3094406e-03  -7.5367889e-04  -1.4079587e-03
  -1.8763389e-02  -4.3283524e-01  -3.4473354e-01   4.3180203e-03  -9.4200223e-04  -1.0006541e-03
   1.5618504e-03  -4.0835210e-01  -2.7818537e-01   4.1750253e-03  -2.4086974e-04  -8.8927228e-04
   1.3938797e-02  -4.2263899e-01  -3.3560705e-01   4.4959940e-03  -5.5670896e-04  -9.2982030e-04
  -3.3182695e-03  -4.1505481e-01  -3.1537926e-01   4.3977436e-03  -6.0538479e-04  -1.1656922e-03
   3.1198649e-03  -4.1532916e-01  -2.8761832e-01   4.9578129e-03  -8.0443453e-05  -1.2658884e-03
   8.2368052e-03  -4.2166951e-01  -3.0508080e-01   4.3870641e-03  -2.1345116e-04  -1.0702149e-03
   7.8853769e-03  -4.3028447e-01  -3.0069506e-01   4.1704462e-03  -1.8636621e-04  -9.3427391e-04
   1.7417269e-02  -3.9090816e-01  -3.2180759e-01   4.1337400e-03  -4.9819589e-04  -7.4179583e-04
   9.3638466e-03  -4.5471940e-01  -2.8317498e-01   4.2456828e-03  -2.1542511e-04  -8.6568989e-04
   1.1623501e-02  -4.2927246e-01  -2.6697104e-01   4.4305289e-03  -2.8168647e-05  -7.8357806e-04
   7.0247183e-03  -4.6040335e-01  -2.8676847e-01   4.4250283e-03   1.0669598e-04  -7.0326737e-04
   1.2410445e-02  -4.3213056e-01  -2.7516694e-01   4.2584117e-03   5.9310462e-05  -5.9264986e-04
  -1.6227305e-02  -4.6566758e-01  -3.9325405e-01   7.3330582e-03  -8.1482877e-04  -1.1450828e-03
  -7.1232535e-05  -4.1390189e-01  -5.9282653e-01   9.3790224e-03  -4.7579749e-04  -6.2806677e-04
  -5.5614012e-05  -3.3386779e-01  -4.8918472e-01   8.7986283e-03  -5.9928202e-04  -6.1500638e-04
  -2.6706668e-03  -3.5862785e-01  -4.7459593e-01   8.1829057e-03  -5.6299160e-04  -4.9458411e-04
   5.1120832e-03  -3.8543014e-01  -3.9870034e-01   7.5480735e-03  -1.8811787e-04  -4.6909178e-04
   1.5727924e-02  -3.7194899e-01  -4.0526971e-01   7.7056854e-03   3.1997938e-04  -4.7867156e-04
   1.8253695e-02  -3.7954881e-01  -3.5328419e-01   7.1355995e-03   6.8185104e-04  -4.9593951e-04
   2.4328592e-02  -3.5866088e-01  -3.7957774e-01   7.4973958e-03   7.3111255e-04  -5.7453670e-04
   2.1407618e-02  -3.8394160e-01  -3.0146233e-01   6.2340862e-03   7.8073749e-04  -5.7962884e-04
   2.8189385e-02  -4.2536160e-01  -2.7779628e-01   4.5256810e-03   1.3744455e-03  -2.5828687e-04
   3.3532083e-02  -4.1778470e-01  -2.4397577e-01   3.4489898e-03   1.3854002e-03  -3.1093676e-04
   3.1665040e-02  -4.1443032e-01  -1.9680610e-01   3.9336830e-03   1.9447460e-03  -1.6947382e-04
   6.6350419e-03  -4.8159899e-01  -1.2026527e-01   1.3015541e-03   1.6578924e-03   1.8411606e-04
  -5.1930831e-03  -4.7314408e-01   1.7301630e-02   1.3218944e-03   6.8455076e-04   4.6464092e-04
