   0.0000000e+00   0.0000000e+00  -7.1054274e-15  -2.5489471e-57  -1.5046328e-36  -3.8352293e-93
  -4.9830905e-03  -1.5598005e-03   4.6242120e-04  -2.6431515e-04  -7.7633703e-05  -7.8363358e-06
  -2.5107840e-02   9.2227831e-02  -6.2828810e-02  -2.6601786e-05   7.0212065e-05  -9.2860765e-06
  -7.8457431e-04   6.3649833e-02  -2.9070276e-02  -4.5161698e-04   7.2447188e-04  -5.2934999e-05
  -1.8390895e-02   2.3998353e-02   5.8698824e-03  -9.0838625e-04   6.7872521e-04  -1.1280310e-04
  -3.0296533e-02   1.0376309e-01  -3.0387059e-02  -2.4915344e-04   6.2004948e-04   4.9806842e-06
  -3.1617330e-02   1.1168503e-01  -3.3536692e-02   1.2831335e-04   8.2741779e-04  -1.1681233e-04
  -2.0412989e-02   1.4557685e-02   3.5346534e-02  -8.0592868e-04   1.0854199e-03   5.4303326e-05
  -2.2566352e-02   1.4343226e-02   2.5327581e-02  -8.3724368e-04   1.1028262e-03   2.1954232e-04
  -2.7035101e-02   1.0045001e-01  -1.5966222e-03  -2.1460708e-04   1.2468167e-03   2.6478756e-04
  -3.3838354e-02   9.6397471e-02   1.8240601e-03  -1.6254012e-05   1.1519959e-03   2.2296402e-05
  -2.4295717e-02   3.9000220e-02   3.8188366e-03  -4.5605827e-04   1.3899766e-03   1.8175679e-04
  -1.6793121e-02  -3.1787506e-02   6.3817506e-02  -6.8410556e-04   1.4683776e-03   2.8297256e-04
  -2.5307559e-02   6.1083204e-02  -7.6555244e-03  -2.3632371e-04   1.4532164e-03   4.7338512e-04
  -3.1466014e-02   1.0280894e-02   3.0447748e-02  -7.9467524e-05   1.6487703e-03   2.0016592e-04
  -3.3804594e-02   6.2417176e-02  -2.7673245e-02  -4.1308889e-05   1.4898887e-03   2.8809947e-04
  -1.3359521e-02   9.7902944e-03   3.6453948e-02  -3.4436782e-04   1.4447701e-03   3.4569113e-04
  -1.0918523e-02  -1.3091906e-02   3.4646790e-02   2.8485819e-04   1.5144679e-03   3.3068650e-04
  -2.1604314e-02   1.9410411e-02   5.3875237e-03   1.9345071e-04   1.4608261e-03   2.7216423e-04
  -2.6468586e-02  -7.5513223e-03   2.1462519e-02   1.0883590e-04   1.4698202e-03   1.3122193e-04
  -1.1156903e-02  -4.3840586e-02   3.6645313e-03  -9.8852661e-06   1.4847481e-03   3.2260807e-04
  -2.5821480e-02  -1.2085690e-02  -2.0924031e-02   5.6803807e-04   1.4734759e-03   3.2575132e-04
  -2.8688400e-02  -2.3227746e-02  -5.8251790e-03   8.4694091e-04   1.3106779e-03   2.0119833e-04
  -3.2652904e-02  -7.4198111e-02   1.1464828e-02   7.9331592e-04   1.3563778e-03   1.9622664e-04
  -8.9177880e-03  -6.6094039e-02   5.1018332e-03   3.1146901e-04   1.5399925e-03   4.3646800e-04
  -2.6887814e-02  -1.4611048e-01   2.1291942e-02   1.0653475e-03   1.4113247e-03   4.5131496e-04
  -4.2880278e-02  -3.1482087e-02  -6.2974066e-02   1.5417535e-03   1.4574657e-03   4.0395405e-04
  -3.8492115e-02  -1.6001436e-02  -4.5202074e-02   2.1257743e-03   1.4717897e-03   2.0510012e-04
  -2.5941573e-02  -6.1822421e-02  -1.0939131e-02   1.3308607e-03   1.7522826e-03   2.9113465e-04
  -1.0438741e-02  -3.5542028e-02  -2.5218184e-02   1.4909223e-03   1.5284409e-03   5.7253044e-04
  -2.9348891e-02  -1.9105091e-02  -3.4548579e-02   1.5730454e-03   1.4646889e-03   4.0841291e-04
  -2.2242620e-02  -2.0223874e-02  -8.8425945e-03   1.2740523e-03   1.5635051e-03   3.8522851e-04
  -1.5482008e-02  -1.0469334e-02  -3.1298443e-02   1.4466141e-03   1.5044702e-03   6.2233678e-04
  -1.3369444e-02  -8.4743515e-03  -2.9166447e-02   1.5273187e-03   1.7006254e-03   5.6988203e-04
  -1.7945954e-02   2.1402513e-02  -5.0675736e-02   1.7808810e-03   1.6580434e-03   6.4118285e-04
  -1.6341702e-02   1.8039053e-02  -5.8882335e-02   1.8713545e-03   1.6314182e-03   5.9676446e-04
  -2.1274065e-02   3.5516387e-02  -7.8081062e-02   2.0379874e-03   1.7766510e-03   5.3980307e-04
  -3.0004744e-02  -2.4818397e-02  -4.0163484e-02   1.6555145e-03   1.9112488e-03   4.4667215e-04
  -3.9211323e-02  -3.0850101e-02  -3.0663523e-02   1.4136913e-03   1.7845639e-03   6.4477206e-04
  -2.9800265e-02   1.3668540e-02  -5.8705219e-02   1.7751386e-03   1.7279243e-03   6.7254472e-04
  -3.2386023e-02   4.8690675e-03  -6.9486542e-02   1.8332060e-03   1.8140998e-03   5.9224078e-04
  -3.0681240e-02  -1.8406497e-03  -5.4807551e-02   1.1909133e-03   1.6456990e-03   5.1152271e-04
  -4.3632123e-02  -2.5490596e-02  -6.0191760e-02   1.6881559e-03   1.6346528e-03   4.5995424e-04
  -3.9420864e-02  -6.6185328e-03  -8.0772455e-02   1.9606413e-03   1.6306733e-03   4.3669401e-04
  -5.8178491e-02  -1.5398839e-02  -6.6682395e-02   1.8431927e-03   1.4496528e-03   3.4987269e-04
  -3.4692777e-02  -2.1222315e-02  -5.4718840e-02   1.4213202e-03   1.5607919e-03   5.2875495e-04
  -4.9547495e-02  -1.9301960e-02  -5.0507144e-02   1.5979888e-03   1.4120261e-03   5.1718284e-04
  -4.6282612e-02  -2.4427302e-02  -6.7301916e-02   1.9412932e-03   1.3271771e-03   5.2900484e-04
  -5.9533525e-02  -5.4271912e-03  -7.3796755e-02   1.9296833e-03   1.3728723e-03   3.4275969e-04
  -5.9235427e-02  -2.9498925e-02  -6.7259573e-02   1.6982752e-03   1.4217618e-03   4.1344691e-04
  -5.4373912e-02  -2.6160825e-02  -8.1263831e-02   1.9042304e-03   1.4203311e-03   4.3828202e-04
  -5.9552965e-02  -3.4840140e-02  -8.0566501e-02   1.8382820e-03   1.4220885e-03   4.6063748e-04
  -6.6653240e-02  -5.2326999e-02  -7.2274444e-02   1.7904987e-03   1.5520312e-03   4.1697873e-04
  -5.2295297e-02  -6.2958429e-02  -7.2056141e-02   1.6051968e-03   1.6247394e-03   5.6140017e-04
  -6.0613619e-02  -6.7361549e-02  -8.2485166e-02   1.7259851e-03   1.6764146e-03   5.4027876e-04
  -6.9504499e-02  -5.2245629e-02  -7.7184175e-02   1.8744847e-03   1.6882294e-03   4.2101354e-04
  -6.4459063e-02  -5.5256802e-02  -8.5595738e-02   2.0426263e-03   1.5901740e-03   4.7627914e-04
  -5.6439795e-02  -6.8839232e-02  -8.5988607e-02   2.0768139e-03   1.5941566e-03   5.0048492e-04
  -5.1671882e-02  -8.6024738e-02  -9.0407287e-02   1.8806172e-03   1.7647614e-03   5.3087017e-04
  -5.8041461e-02  -7.8496301e-02  -9.7898460e-02   2.2173183e-03   1.5697432e-03   4.3454822e-04
  -5.6181254e-02  -8.6807937e-02  -9.8860190e-02   1.9452006e-03   1.4755132e-03   4.2255722e-04
  -6.0175851e-02  -1.1387187e-01  -9.5801620e-02   2.0382129e-03   1.6621960e-03   4.3297990e-04
  -6.2274628e-02  -1.0926313e-01  -1.0791771e-01   1.9862789e-03   1.6277898e-03   4.9593040e-04
  -7.4659816e-02  -9.0198240e-02  -1.0738547e-01   2.4467977e-03   1.5644998e-03   3.0249226e-04
  -7.1693130e-02  -8.4064489e-02  -1.1665277e-01   2.6199536e-03   1.4654171e-03   3.3173466e-04
  -6.5295947e-02  -1.4346318e-01  -7.8871018e-02   2.3348770e-03   1.7199507e-03   2.9465083e-04
  -5.6848796e-02  -1.4146138e-01  -1.0199119e-01   1.8673277e-03   1.8380316e-03   5.2060564e-04
  -6.2434155e-02  -1.2298039e-01  -1.0506744e-01   2.2002394e-03   1.8113424e-03   5.2441190e-04
  -8.1380022e-02  -1.0540888e-01  -1.0612384e-01   2.5849175e-03   1.6619647e-03   3.1412547e-04
  -7.8828704e-02  -1.2337555e-01  -9.9110446e-02   2.3767167e-03   1.7420690e-03   4.3464467e-04
  -5.9392632e-02  -1.0825052e-01  -9.8130253e-02   2.2284593e-03   1.5963974e-03   5.0116226e-04
  -6.8331180e-02  -1.1170636e-01  -7.0947518e-02   2.4695054e-03   1.7144539e-03   6.5558163e-04
  -7.0413682e-02  -9.6420737e-02  -1.1224780e-01   2.4998228e-03   1.7269867e-03   5.5451441e-04
  -7.4207410e-02  -1.2299438e-01  -9.7028880e-02   2.3657693e-03   1.8468190e-03   4.4319644e-04
  -6.7542725e-02  -1.3459543e-01  -9.1799892e-02   2.1791842e-03   1.7678362e-03   5.5384182e-04
  -6.7812459e-02  -1.6581898e-01  -8.4501003e-02   2.0294033e-03   1.8862464e-03   7.0455426e-04
  -7.5755422e-02  -1.2496586e-01  -1.0795047e-01   2.3184750e-03   1.7775050e-03   5.4039905e-04
  -8.1897393e-02  -1.3936353e-01  -1.1263242e-01   2.7097515e-03   1.7659432e-03   3.1480344e-04
  -4.5445969e-02  -1.4646798e-01  -1.4164788e-01   2.3259159e-03   1.7843326e-03   6.9525638e-04
  -4.4105563e-02  -2.2093419e-01  -8.9868221e-02   1.8284862e-03   1.9166420e-03   7.2596284e-04
  -5.5332049e-02  -1.9064884e-01  -1.0918860e-01   2.0593847e-03   1.7655842e-03   7.6444713e-04
  -6.3088946e-02  -1.5094283e-01  -1.4480311e-01   2.9833860e-03   1.9335409e-03   6.1548478e-04
  -5.1936961e-02  -1.8693965e-01  -1.1908229e-01   2.4360459e-03   1.9119319e-03   7.4292872e-04
  -4.2906110e-02  -1.8125092e-01  -1.1733358e-01   2.3077753e-03   1.7801243e-03   9.2769868e-04
  -6.7628229e-02  -1.2212993e-01  -1.3783732e-01   3.1398199e-03   1.6332025e-03   6.9186604e-04
  -6.6419032e-02  -1.3058958e-01  -1.1208476e-01   2.6895451e-03   1.7172298e-03   7.3466466e-04
  -7.0132428e-02  -1.3777630e-01  -1.1674538e-01   2.6930058e-03   1.5895897e-03   6.4757713e-04
  -6.1908454e-02  -1.1309315e-01  -1.3448105e-01   2.2692415e-03   1.5866302e-03   8.1681143e-04
  -7.6314342e-02  -9.9413159e-02  -1.1867675e-01   2.8146751e-03   1.6323686e-03   7.0257583e-04
  -6.9132001e-02  -1.1324343e-01  -1.2112247e-01   2.7783845e-03   1.6004975e-03   7.5778057e-04
  -7.2354698e-02  -1.1890487e-01  -1.4259752e-01   3.1052165e-03   1.5222687e-03   6.9845448e-04
  -6.5073857e-02  -1.3323613e-01  -1.2281237e-01   2.4568729e-03   1.6751320e-03   7.7624643e-04
  -6.9409209e-02  -1.1203139e-01  -1.4164404e-01   2.8224863e-03   1.6220198e-03   8.2054309e-04
  -6.6305685e-02  -1.6287854e-01  -1.1664192e-01   2.6952063e-03   1.5733022e-03   8.7124717e-04
  -6.4527782e-02  -9.4103404e-02  -1.6243366e-01   2.7978958e-03   1.5265757e-03   8.4142243e-04
  -4.4917873e-02  -1.0908597e-01  -1.6588168e-01   3.1121251e-03   1.5835197e-03   9.6543127e-04
  -5.0325011e-02  -1.7426467e-01  -1.2399931e-01   2.7471027e-03   1.7601743e-03   1.0142295e-03
  -5.5614631e-02  -9.7670187e-02  -1.5857178e-01   3.0783204e-03   1.6665608e-03   9.4093496e-04
  -5.6339040e-02  -8.2335873e-02  -1.6850449e-01   3.5463936e-03   1.5513322e-03   9.6737566e-04
  -3.9328470e-02  -1.0543543e-01  -1.7863213e-01   3.2800175e-03   1.6068719e-03   1.0164369e-03
  -5.6433465e-02  -1.8320846e-01  -1.3517790e-01   2.9022534e-03   1.5948606e-03   9.2984898e-04
  -4.6919897e-02  -1.4928709e-01  -1.5071758e-01   2.8767942e-03   1.4128067e-03   9.8873703e-04
  -6.1765533e-02  -2.0122485e-01  -1.2489768e-01   3.2510525e-03   1.3334755e-03   8.4542555e-04
  -4.8907090e-02  -1.6332268e-01  -1.6872574e-01   2.8672193e-03   1.2276216e-03   9.5778271e-04
  -6.4269581e-02  -1.7450956e-01  -1.3993087e-01   3.1491393e-03   1.3847941e-03   6.7663089e-04
  -7.0845186e-02  -1.4702368e-01  -1.7511450e-01   3.5210944e-03   1.1564669e-03   8.0405187e-04
  -6.8165720e-02  -1.6375424e-01  -1.5198933e-01   3.3979644e-03   1.1194399e-03   7.2299744e-04
  -3.6226006e-02  -1.6680148e-01  -1.8654034e-01   3.4891320e-03   1.0915561e-03   1.0435618e-03
  -4.5535950e-02  -1.9210942e-01  -1.7570747e-01   3.4386330e-03   1.2538931e-03   9.5287881e-04
  -5.5987080e-02  -1.3407030e-01  -1.9784379e-01   3.8133236e-03   1.0996100e-03   1.0025629e-03
  -7.3096185e-02  -1.6197821e-01  -1.6859973e-01   4.0882583e-03   1.2253864e-03   8.7411778e-04
  -6.4884040e-02  -1.1469185e-01  -2.1267098e-01   4.1808163e-03   1.2022382e-03   8.1862796e-04
  -5.0370826e-02  -2.1298668e-01  -1.4663462e-01   3.2900825e-03   1.5742491e-03   9.6790944e-04
  -6.6838337e-02  -2.3641221e-01  -1.5818258e-01   3.1373398e-03   1.1790786e-03   1.0146078e-03
  -8.1109726e-02  -1.5282593e-01  -1.8283714e-01   3.9584411e-03   1.1960300e-03   8.7819222e-04
  -8.9936473e-02  -1.6282345e-01  -1.5789911e-01   3.8020466e-03   1.0759433e-03   7.6686294e-04
  -8.3205846e-02  -1.3985960e-01  -1.9696038e-01   4.2277007e-03   1.1090896e-03   9.0368833e-04
  -8.2005348e-02  -1.8891727e-01  -1.5334923e-01   3.7717140e-03   1.2059465e-03   9.7341633e-04
  -7.9247959e-02  -1.5715574e-01  -1.5581199e-01   3.6881199e-03   1.1719579e-03   9.2162756e-04
  -8.9771796e-02  -1.7448526e-01  -1.6404374e-01   4.2818455e-03   1.2354716e-03   8.4271196e-04
  -8.0467937e-02  -1.6015552e-01  -1.7182286e-01   3.8547296e-03   1.1018642e-03   9.7486810e-04
  -8.1828513e-02  -1.5689649e-01  -1.7613024e-01   4.2001854e-03   9.8798436e-04   8.1578237e-04
  -7.4628151e-02  -1.6272676e-01  -1.8212701e-01   4.3582128e-03   1.1731478e-03   9.7549865e-04
  -8.0280771e-02  -1.8768863e-01  -1.7778515e-01   4.1859902e-03   1.1912825e-03   8.9749492e-04
  -7.4810421e-02  -1.6710085e-01  -1.9426478e-01   4.0970209e-03   1.1873734e-03   1.0146712e-03
  -6.8220033e-02  -1.4381743e-01  -2.0586396e-01   4.4471878e-03   1.1392102e-03   1.1659832e-03
  -7.2045670e-02  -1.5530283e-01  -2.0357805e-01   4.6091512e-03   1.2266439e-03   1.0877953e-03
  -7.1047704e-02  -1.5353098e-01  -1.9500686e-01   4.2793303e-03   1.0768085e-03   1.0797010e-03
  -7.6653882e-02  -1.5719868e-01  -1.9365929e-01   4.3247513e-03   1.0911155e-03   1.0453722e-03
  -6.6927323e-02  -1.7896362e-01  -2.0828519e-01   4.1205552e-03   1.2791764e-03   1.1746488e-03
  -7.4880675e-02  -1.3742456e-01  -2.1942568e-01   4.4347704e-03   1.0825670e-03   1.0855670e-03
  -8.1417466e-02  -1.4723468e-01  -1.9970291e-01   4.5044615e-03   1.0902476e-03   9.7782523e-04
  -7.3730178e-02  -1.4907876e-01  -2.2629021e-01   4.7463482e-03   1.1980602e-03   1.1622386e-03
  -6.9448732e-02  -2.0104647e-01  -1.8456553e-01   4.1443250e-03   1.2306923e-03   1.0871420e-03
  -7.1910310e-02  -2.0436001e-01  -1.8879657e-01   4.0458696e-03   1.3363398e-03   1.1260740e-03
  -8.1387888e-02  -1.6873924e-01  -2.3004685e-01   4.8275766e-03   1.1474428e-03   1.0889958e-03
  -7.4009018e-02  -1.8395428e-01  -2.0740829e-01   4.5932015e-03   1.1814011e-03   1.0793968e-03
  -6.4470915e-02  -1.9877172e-01  -2.0283278e-01   4.2877657e-03   1.2808395e-03   1.1919989e-03
  -7.7269330e-02  -2.0032042e-01  -2.0715303e-01   4.8257894e-03   1.1595731e-03   1.0317556e-03
  -8.1033501e-02  -1.9254697e-01  -2.1816927e-01   4.7184140e-03   1.0803004e-03   1.0173834e-03
  -7.3796620e-02  -2.2625315e-01  -1.9825931e-01   4.4671007e-03   1.2385830e-03   1.0930026e-03
  -8.0148295e-02  -2.1503732e-01  -2.1422981e-01   4.4327591e-03   1.1339047e-03   1.0988463e-03
  -7.6329163e-02  -2.2756403e-01  -1.9861669e-01   4.4698200e-03   1.1894194e-03   1.2157282e-03
  -7.6145892e-02  -2.1910642e-01  -2.1966166e-01   4.4479001e-03   1.2187577e-03   1.1129867e-03
  -8.1000324e-02  -2.0790895e-01  -2.2457017e-01   5.0318674e-03   1.1458031e-03   1.0107825e-03
  -6.7112119e-02  -2.3253299e-01  -2.0103235e-01   4.0632791e-03   1.2868771e-03   1.1351635e-03
  -8.0928268e-02  -2.4120118e-01  -2.0841767e-01   4.2349897e-03   1.1396935e-03   1.1476194e-03
  -8.3895613e-02  -2.2184983e-01  -2.2447120e-01   4.8059498e-03   1.1354631e-03   9.6643782e-04
  -7.0221449e-02  -2.4731182e-01  -1.9789540e-01   4.6443424e-03   1.1963525e-03   1.1127381e-03
  -6.0409973e-02  -2.5518580e-01  -2.1588327e-01   4.4619218e-03   1.0737970e-03   1.1745780e-03
  -7.3988809e-02  -2.5474129e-01  -2.1906479e-01   4.6756730e-03   9.0617531e-04   1.1988994e-03
  -7.3805094e-02  -2.1355571e-01  -2.3206426e-01   4.9750596e-03   1.0078513e-03   1.1917856e-03
  -6.3361213e-02  -2.2842986e-01  -2.2152595e-01   4.7627901e-03   1.0009594e-03   1.2025915e-03
  -6.6444594e-02  -2.5242413e-01  -2.2385960e-01   4.7337096e-03   1.0226772e-03   1.0911454e-03
  -6.8118678e-02  -2.2739279e-01  -2.4301577e-01   4.7337500e-03   9.0064519e-04   1.2892479e-03
  -7.3523807e-02  -2.2782771e-01  -2.1997962e-01   4.8541804e-03   8.4586204e-04   1.1268794e-03
  -7.6824089e-02  -2.3290470e-01  -2.1868293e-01   4.7465532e-03   7.0345130e-04   1.1313119e-03
  -7.4798056e-02  -2.2532923e-01  -2.3701109e-01   5.2944952e-03   7.2136059e-04   1.1870354e-03
  -6.8491561e-02  -2.4553160e-01  -2.2095650e-01   4.5708933e-03   7.8026314e-04   1.0687014e-03
  -6.5261037e-02  -2.3100582e-01  -2.3003374e-01   4.9276525e-03   6.4173745e-04   1.1435479e-03
  -6.7506435e-02  -2.2416637e-01  -2.4329575e-01   5.1978356e-03   7.8089990e-04   1.1072273e-03
  -7.6649368e-02  -2.6819607e-01  -2.1590579e-01   4.8809371e-03   7.4846361e-04   9.7355863e-04
  -6.0729607e-02  -2.6271803e-01  -2.1759549e-01   4.3794043e-03   7.0070179e-04   1.2318846e-03
  -7.5176337e-02  -2.6094148e-01  -2.1372875e-01   4.8319344e-03   7.3930512e-04   1.0891835e-03
  -7.4325677e-02  -2.2031995e-01  -2.4106821e-01   5.0969355e-03   6.3507158e-04   1.0767358e-03
  -7.6599977e-02  -2.7085681e-01  -1.9447112e-01   4.5474945e-03   6.7080335e-04   1.0837747e-03
  -7.0261938e-02  -2.2345147e-01  -2.4042160e-01   4.7535835e-03   6.0769954e-04   1.2987213e-03
  -7.8083533e-02  -2.9756638e-01  -1.9301886e-01   4.9757697e-03   6.1333978e-04   1.0065370e-03
  -8.3808642e-02  -2.5761826e-01  -2.0779061e-01   4.5773799e-03   6.4525647e-04   1.0454265e-03
  -7.9416679e-02  -2.6179831e-01  -1.9758909e-01   4.8224075e-03   7.5111875e-04   1.0666458e-03
  -7.4059547e-02  -2.7235260e-01  -1.9143291e-01   4.4514837e-03   7.5688885e-04   1.1658794e-03
  -7.4026409e-02  -2.4656665e-01  -2.1154452e-01   4.8546806e-03   6.9170010e-04   1.2077516e-03
  -7.9123553e-02  -2.5624389e-01  -1.8957119e-01   4.8591627e-03   7.4943561e-04   9.7960639e-04
  -6.3232906e-02  -2.5897102e-01  -2.0154178e-01   4.7052714e-03   6.6253850e-04   1.0599191e-03
  -5.4019839e-02  -2.4877307e-01  -2.2235641e-01   4.7037688e-03   5.1912694e-04   1.2230514e-03
  -6.6621323e-02  -2.5947365e-01  -2.1228880e-01   4.5510205e-03   5.9270273e-04   1.3313272e-03
  -7.4948450e-02  -2.3142884e-01  -2.1888793e-01   4.8195589e-03   5.7298573e-04   1.0552684e-03
  -7.7978618e-02  -2.5034767e-01  -2.1326243e-01   4.6717278e-03   4.6737531e-04   1.0638149e-03
  -7.1577936e-02  -2.5249342e-01  -2.2248727e-01   4.5915921e-03   4.3216214e-04   1.2315056e-03
  -6.2080981e-02  -2.6184638e-01  -2.1416591e-01   4.5632398e-03   4.9757626e-04   1.1679449e-03
  -7.0411074e-02  -2.3277264e-01  -2.1829305e-01   4.9087715e-03   5.2796939e-04   1.1290328e-03
  -6.5028931e-02  -2.3977252e-01  -2.3535119e-01   5.1672717e-03   5.4374196e-04   1.0364982e-03
  -5.2941192e-02  -2.4905378e-01  -2.3851525e-01   5.1296149e-03   5.2686409e-04   1.1679441e-03
  -4.3250673e-02  -2.9603194e-01  -2.2696063e-01   4.4697638e-03   6.5395270e-04   1.1552457e-03
  -3.7660040e-02  -2.7198138e-01  -2.3652296e-01   4.7850985e-03   5.2615011e-04   1.4717451e-03
  -3.7318648e-02  -2.2845744e-01  -2.7039825e-01   5.6820133e-03   5.6740881e-04   1.3800810e-03
  -4.8876730e-02  -2.6636738e-01  -2.5112218e-01   5.5496863e-03   6.4848807e-04   1.1709692e-03
  -3.4942211e-02  -2.8663868e-01  -2.5398789e-01   4.9067308e-03   6.7077375e-04   1.4777256e-03
  -4.3764196e-02  -2.6905485e-01  -2.6247950e-01   5.2316766e-03   4.3807011e-04   1.4242341e-03
  -5.1825537e-02  -2.6566053e-01  -2.6430029e-01   5.4301103e-03   4.4918116e-04   1.3095143e-03
  -6.4124960e-02  -2.8360605e-01  -2.5715737e-01   5.3247739e-03   4.3878569e-04   1.2750098e-03
  -5.5943374e-02  -2.9967783e-01  -2.5943581e-01   5.2376673e-03   3.9450443e-04   1.4586851e-03
  -5.5681225e-02  -2.9693305e-01  -2.5156820e-01   5.3732466e-03   4.6283155e-04   1.4907354e-03
  -6.3848649e-02  -2.7784923e-01  -2.5105314e-01   5.6492455e-03   3.9170148e-04   1.3837530e-03
  -6.0498226e-02  -2.7713962e-01  -2.6817541e-01   5.8712905e-03   3.9212338e-04   1.4525121e-03
  -4.2701592e-02  -2.9814891e-01  -2.7601167e-01   5.5307676e-03   5.6596144e-04   1.5630951e-03
  -1.1081440e-02  -3.2360120e-01  -2.5710782e-01   6.4337765e-03   5.5129846e-04   1.9791323e-03
  -4.0698166e-02  -2.8237085e-01  -2.8097447e-01   6.9143572e-03   4.1163704e-04   1.9452799e-03
  -4.2679448e-02  -2.8708049e-01  -2.9833662e-01   7.2564817e-03   2.5393719e-04   1.8226127e-03
  -3.6336163e-02  -2.7969194e-01  -3.2004229e-01   7.5092954e-03   1.4737036e-04   1.7104673e-03
  -3.1099157e-02  -2.8503745e-01  -2.9763694e-01   7.5000994e-03   7.9491177e-05   1.9383834e-03
  -4.7428381e-02  -2.6671466e-01  -2.8915659e-01   7.6794154e-03  -2.0294928e-04   2.0355019e-03
  -4.9705910e-02  -2.8392720e-01  -3.0275720e-01   7.5824077e-03  -4.4563931e-05   1.9992870e-03
  -4.5075680e-02  -2.8643835e-01  -2.9717964e-01   7.2676902e-03  -2.3912789e-04   2.1121270e-03
  -3.2525552e-02  -3.2832002e-01  -2.7326667e-01   6.7639342e-03  -1.1540628e-04   2.1692523e-03
  -4.3939391e-02  -2.9492954e-01  -2.8144440e-01   7.0954941e-03  -3.2650794e-04   2.1488363e-03
  -5.2030742e-02  -2.7356306e-01  -3.0841836e-01   7.6748448e-03  -4.0348817e-04   2.1213192e-03
  -5.6459018e-02  -2.9880740e-01  -2.8604590e-01   7.5906147e-03  -3.3871234e-04   1.9731840e-03
  -5.1122728e-02  -2.9885014e-01  -2.8772787e-01   7.5436139e-03  -5.6094186e-04   2.1825968e-03
  -6.8703380e-02  -2.9324104e-01  -2.9783815e-01   7.9660667e-03  -4.9784836e-04   2.0098418e-03
  -7.7609732e-02  -2.8299878e-01  -2.8875868e-01   7.9045016e-03  -4.6904675e-04   1.7530871e-03
  -5.9775977e-02  -2.9915741e-01  -2.9656650e-01   7.9290212e-03  -4.6003963e-04   2.1234813e-03
  -6.3092297e-02  -2.9978697e-01  -3.0488674e-01   7.7564139e-03  -5.8252476e-04   1.9938668e-03
  -6.9923285e-02  -3.1274220e-01  -2.9274307e-01   7.8384387e-03  -6.2685826e-04   2.1666163e-03
  -6.3928634e-02  -2.7773250e-01  -3.1184546e-01   7.8597684e-03  -7.4000285e-04   1.9704932e-03
  -7.4052350e-02  -2.9975619e-01  -3.0164006e-01   7.9826439e-03  -8.2369701e-04   1.8376362e-03
  -5.0031901e-02  -3.1481010e-01  -2.9886278e-01   7.2842643e-03  -7.7892224e-04   2.1911643e-03
  -5.5104757e-02  -3.2048399e-01  -2.8773287e-01   7.6398437e-03  -7.5647744e-04   2.1921610e-03
  -5.2212591e-02  -3.1811693e-01  -2.9639926e-01   8.1072804e-03  -7.3767627e-04   2.2192333e-03
  -7.0344987e-02  -3.0529999e-01  -3.0335301e-01   8.0210951e-03  -7.3613126e-04   1.9794183e-03
  -1.9337111e-02  -3.0436055e-01  -3.0578666e-01   7.5451828e-03  -7.1912904e-04   2.4228844e-03
  -5.7919012e-02  -3.5586061e-01  -2.8837362e-01   7.1443096e-03  -1.0214246e-03   2.1968414e-03
  -7.4414678e-02  -2.9931501e-01  -3.1039785e-01   7.4968956e-03  -9.0207857e-04   2.0963710e-03
  -7.1467502e-02  -3.0652945e-01  -3.2178647e-01   8.4854484e-03  -1.0761712e-03   2.0881254e-03
  -6.0018231e-02  -2.7107642e-01  -3.4134600e-01   8.0937357e-03  -8.8360862e-04   2.1874654e-03
  -5.0721322e-02  -4.2140516e-01  -2.7515287e-01   8.3853583e-03  -1.1283760e-03   2.4197118e-03
  -4.0089661e-02  -4.2051827e-01  -3.5884015e-01   9.4168698e-03  -1.7471330e-03   2.4338705e-03
  -8.2363052e-02  -2.5521588e-01  -3.9243908e-01   9.6123955e-03  -1.7542082e-03   2.2600757e-03
  -6.5366191e-02  -3.4555737e-01  -3.1957676e-01   8.5759162e-03  -1.5715340e-03   2.1502883e-03
  -7.3219555e-02  -3.3537459e-01  -3.3410990e-01   7.6336220e-03  -1.7915266e-03   2.3955019e-03
  -7.4471380e-02  -2.9957302e-01  -3.4044082e-01   8.3528848e-03  -2.0207990e-03   2.2895530e-03
  -7.0459498e-02  -2.9850689e-01  -3.4773365e-01   8.8159319e-03  -2.1424579e-03   2.1502827e-03
  -5.9068657e-02  -3.4625407e-01  -3.3980986e-01   8.2594480e-03  -1.8169510e-03   2.2185143e-03
  -4.4183854e-02  -3.5445697e-01  -3.1806367e-01   7.7638138e-03  -1.9632015e-03   2.5590621e-03
  -6.4855470e-02  -3.4095859e-01  -3.3913245e-01   8.2791398e-03  -1.9417553e-03   2.5260053e-03
  -7.9624695e-02  -3.1766488e-01  -3.4542052e-01   8.8916331e-03  -1.9296429e-03   2.3702007e-03
  -7.5408271e-02  -3.3202151e-01  -3.6312204e-01   8.5324309e-03  -1.9958793e-03   2.3386610e-03
  -6.2174107e-02  -3.7638005e-01  -3.4920460e-01   8.0063356e-03  -2.0277099e-03   2.4347363e-03
  -8.9894057e-02  -3.8643659e-01  -3.4886587e-01   7.7718983e-03  -2.2899314e-03   2.3556994e-03
  -1.0262485e-01  -3.3178424e-01  -3.6937217e-01   7.9741037e-03  -2.4564078e-03   2.0640042e-03
  -9.8041467e-02  -3.5951089e-01  -3.3980403e-01   7.9514195e-03  -2.4526548e-03   2.1551473e-03
  -8.0731015e-02  -3.7708601e-01  -3.6768017e-01   7.8999772e-03  -2.5293873e-03   2.3484036e-03
  -1.1797775e-01  -3.8738022e-01  -3.4520194e-01   7.9607110e-03  -2.5765167e-03   1.9307117e-03
  -9.6597177e-02  -3.5336563e-01  -3.5636118e-01   8.1947319e-03  -2.4905516e-03   2.1474276e-03
  -9.8146747e-02  -3.7537977e-01  -3.4332460e-01   8.2257800e-03  -2.5512633e-03   2.0231880e-03
  -7.8788046e-02  -3.5326797e-01  -3.8195217e-01   8.1546732e-03  -2.5199469e-03   2.4407714e-03
  -9.8189582e-02  -3.8141936e-01  -3.4949909e-01   8.2368702e-03  -2.5678905e-03   2.1775091e-03
  -9.6681488e-02  -3.4130711e-01  -3.7535634e-01   8.6272143e-03  -2.6033789e-03   2.0046004e-03
  -9.5785637e-02  -3.5764492e-01  -3.7707124e-01   8.6188668e-03  -2.7677350e-03   2.0891100e-03
  -8.4714038e-02  -3.4413841e-01  -3.9302128e-01   8.5582754e-03  -2.7663072e-03   2.3180149e-03
  -9.0241268e-02  -4.1465588e-01  -3.5306669e-01   8.1326357e-03  -2.5648529e-03   2.1893541e-03
  -9.6159092e-02  -3.3530930e-01  -3.8578444e-01   8.2427248e-03  -2.7745592e-03   2.1628977e-03
  -1.0082366e-01  -3.6906530e-01  -3.5966112e-01   8.3204967e-03  -2.8234446e-03   1.9993343e-03
  -9.3711080e-02  -3.7242694e-01  -3.9984392e-01   8.2174315e-03  -2.6886172e-03   2.0216862e-03
  -9.0636744e-02  -4.4295477e-01  -3.7459188e-01   8.4846527e-03  -2.7693964e-03   2.1926019e-03
  -1.1141842e-01  -3.8146685e-01  -4.1459493e-01   8.9670746e-03  -2.9781875e-03   1.9363056e-03
  -1.2213547e-01  -3.5071074e-01  -3.8814425e-01   9.2324683e-03  -3.0749162e-03   1.7736968e-03
  -1.0101404e-01  -3.7200942e-01  -3.9172876e-01   8.7960697e-03  -2.9204848e-03   1.9833833e-03
  -8.9442626e-02  -3.9014854e-01  -3.7021314e-01   8.2176246e-03  -2.9050657e-03   2.0942751e-03
  -9.6611215e-02  -3.9305177e-01  -3.7395426e-01   8.4069445e-03  -2.8546834e-03   1.9965637e-03
  -1.0045762e-01  -3.8027037e-01  -3.7353782e-01   8.3307286e-03  -3.0479296e-03   1.8444887e-03
  -1.0009591e-01  -4.1646631e-01  -3.4666123e-01   7.8348902e-03  -2.9367909e-03   1.9346130e-03
  -8.8588699e-02  -3.6893665e-01  -3.9936074e-01   8.6035304e-03  -3.0070048e-03   2.1331343e-03
  -9.9895541e-02  -3.9375975e-01  -3.8937082e-01   8.9893126e-03  -2.8369510e-03   2.0856242e-03
  -9.6413661e-02  -3.6222603e-01  -3.9595128e-01   8.7438034e-03  -3.1170532e-03   1.9938854e-03
  -1.0045698e-01  -4.0279544e-01  -3.7048894e-01   8.7017805e-03  -3.0363103e-03   2.0898118e-03
  -9.4171047e-02  -3.7285503e-01  -4.1149701e-01   8.3353856e-03  -3.1299942e-03   2.1971974e-03
  -9.9575199e-02  -4.0414168e-01  -3.8668107e-01   8.4503397e-03  -3.1153773e-03   2.1024668e-03
  -1.0557852e-01  -3.8092398e-01  -4.0180952e-01   8.9865975e-03  -3.1512641e-03   2.0840497e-03
  -9.2562216e-02  -4.9101900e-01  -3.7876026e-01   8.6408354e-03  -2.9825144e-03   2.2139183e-03
  -9.6693667e-02  -4.4563632e-01  -3.8661105e-01   8.1570901e-03  -3.1641026e-03   2.1382620e-03
  -9.6375417e-02  -4.2199684e-01  -4.0086889e-01   8.5091052e-03  -3.0822074e-03   2.2397951e-03
  -1.0234924e-01  -3.9098931e-01  -3.9906374e-01   8.7345698e-03  -3.1399360e-03   2.0717338e-03
  -1.0356897e-01  -4.2014581e-01  -3.6445582e-01   8.6060192e-03  -3.1324273e-03   2.0393839e-03
  -9.9452260e-02  -4.0724537e-01  -4.0011051e-01   8.6052274e-03  -3.1517284e-03   2.0448098e-03
  -9.1581894e-02  -4.5658149e-01  -3.6146795e-01   8.1816112e-03  -3.0934998e-03   2.2530188e-03
  -1.1365129e-01  -4.0338309e-01  -3.8824431e-01   8.2118112e-03  -3.1055943e-03   1.8337736e-03
  -9.4760088e-02  -5.7633080e-01  -3.1273681e-01   8.1441068e-03  -2.8344536e-03   2.0204234e-03
  -8.1952276e-02  -4.7217860e-01  -4.1749344e-01   9.0026538e-03  -2.7493490e-03   2.3705808e-03
  -8.8180061e-02  -3.3139373e-01  -4.4963638e-01   9.8631932e-03  -2.8977369e-03   2.2002195e-03
  -8.2876587e-02  -3.8461102e-01  -4.2094860e-01   9.6886183e-03  -2.9557844e-03   2.0620671e-03
  -7.1973853e-02  -3.7633318e-01  -4.3196820e-01   9.2762352e-03  -3.0719883e-03   2.1857914e-03
  -7.1929566e-02  -3.6288507e-01  -4.3498548e-01   9.8070588e-03  -3.1001001e-03   2.2662469e-03
  -7.5444023e-02  -3.6113256e-01  -4.2957610e-01   9.8400363e-03  -3.0054405e-03   2.0502598e-03
  -4.8470757e-02  -4.2906490e-01  -4.1506988e-01   9.4651723e-03  -3.0589367e-03   2.5119209e-03
  -6.7852527e-02  -4.0085057e-01  -4.4028084e-01   9.2168880e-03  -2.9281438e-03   2.2496441e-03
  -5.7647356e-02  -4.0012493e-01  -4.8252360e-01   1.0406483e-02  -2.8767108e-03   2.1911343e-03
  -6.7790204e-02  -3.7976946e-01  -4.7711186e-01   1.0581470e-02  -2.7219288e-03   2.2434903e-03
  -3.7793343e-03  -4.3833454e-01  -4.4486597e-01   1.0554296e-02  -2.6173538e-03   2.8759426e-03
