   0.0000000e+00   0.0000000e+00  -7.1054274e-15   0.0000000e+00   0.0000000e+00   0.0000000e+00
   1.2721829e-03   2.8907848e-04   1.2062547e-02   1.2017002e-04  -2.5258550e-04   4.7161547e-04
   1.5859712e-02  -3.1629201e-02  -3.8379061e-02  -4.0714394e-04  -1.4824998e-03   9.4749471e-04
   2.3365728e-02  -5.3349789e-02  -7.5244292e-02  -6.3735293e-04  -1.6278496e-03   8.1871652e-04
  -8.2828471e-03  -3.7160565e-02   3.9067825e-02  -1.0956642e-04  -6.4759010e-04  -2.6025496e-04
  -1.5155354e-02  -4.2661869e-02   2.7769273e-02   1.7130996e-04  -3.4401348e-04  -5.9548156e-04
  -1.1785182e-03  -5.6848266e-02  -1.1630486e-02  -5.2077141e-04  -5.2714848e-04  -2.6317720e-04
  -1.3465709e-02  -3.9926219e-02  -7.4486458e-02   8.5359515e-05  -6.2931944e-04  -9.1218511e-04
  -1.2812817e-02  -2.7550907e-02  -1.1810220e-03   3.7000390e-04   4.6892991e-04  -1.8803641e-03
  -1.2963464e-05   6.0809636e-03   5.3138383e-02   1.9561322e-03   1.7860164e-03  -2.6460525e-03
  -8.5689393e-04  -2.4518907e-02   1.0568234e-01   9.5771845e-04   1.1643447e-03  -1.9993316e-03
   8.1506979e-03  -7.7956153e-02   1.6963533e-02  -7.3141739e-04   6.9341492e-04  -2.1377211e-03
   1.3952990e-02  -5.7303189e-02   4.4327177e-02  -6.8991330e-04   1.2279928e-03  -2.2624096e-03
   1.3908492e-02  -8.0763304e-02   4.1465866e-02  -9.7853550e-04   1.2281744e-03  -2.6453155e-03
   3.1246536e-02  -6.7369676e-02   7.8897420e-02  -1.0085077e-03   1.4350441e-03  -2.1910428e-03
   3.1750776e-02  -8.5875844e-02   7.1622916e-02  -9.2537223e-04   1.4486767e-03  -2.5051155e-03
   2.8315500e-02  -9.4778188e-02   1.1985894e-01  -1.1018991e-03   1.5833439e-03  -2.5534990e-03
   1.8521552e-02  -1.1863865e-01   2.0929572e-01  -1.4002609e-03   1.5076774e-03  -3.2329420e-03
   4.2095957e-03  -1.4963324e-01   2.0140215e-01  -1.8657276e-03   2.2118975e-03  -3.5844706e-03
   5.8832474e-04  -1.4607422e-01   2.0213951e-01  -2.5537342e-03   2.5715207e-03  -3.2973769e-03
  -1.0273120e-01  -1.7270504e-01   1.7737278e-01  -2.4626167e-03   1.4212953e-03  -4.4786873e-03
  -4.8609654e-02  -1.3634080e-01   1.3445298e-01  -2.2352528e-03   2.0054740e-03  -4.2769436e-03
   7.6044489e-03  -8.9908980e-02   9.0788146e-02  -6.2876713e-04   2.9073486e-03  -4.0205808e-03
   1.8865542e-02  -7.4959486e-02   1.2886998e-01   6.2509139e-04   3.4073958e-03  -3.9650626e-03
   3.0786883e-02  -1.0355358e-01   9.8333371e-02  -9.4246907e-06   2.8768849e-03  -3.7141590e-03
   5.0697256e-02  -1.4744240e-01   1.5216402e-01  -4.7857142e-04   2.4860426e-03  -4.2491214e-03
   4.7057673e-02  -1.5514845e-01   1.3875970e-01  -5.8323029e-04   2.4504132e-03  -4.5371799e-03
   3.0440672e-02  -1.3407856e-01   2.3103626e-01  -1.7652691e-04   3.5168251e-03  -4.8630777e-03
   1.3974047e-02  -1.3001049e-01   1.8411863e-01  -6.1541307e-04   3.2062365e-03  -4.6554991e-03
  -1.1924217e-02  -1.1484296e-01   1.4542689e-01  -5.4111721e-04   2.3234019e-03  -4.7185544e-03
   4.0060703e-02  -1.4340127e-01   1.0578556e-01  -1.1886561e-03   2.3833376e-03  -4.1721881e-03
   2.5055168e-02  -1.2114732e-01   1.3090492e-01  -1.7017070e-04   3.3616686e-03  -5.0035831e-03
   3.1822968e-02  -1.3974398e-01   5.0082423e-02  -2.6943053e-04   3.3932984e-03  -4.8333608e-03
   1.7856564e-02  -1.3852921e-01   1.0835338e-01   6.9427343e-05   4.2360783e-03  -5.6469098e-03
   4.5361647e-03  -1.5265534e-01   1.2470390e-01   5.4097935e-04   5.1392412e-03  -6.8257107e-03
   1.6429855e-03  -1.5660418e-01   1.0387248e-01   5.8070693e-04   4.8149022e-03  -6.2177924e-03
   2.3145323e-02  -1.4852504e-01   1.2737308e-01  -2.0316469e-04   3.6649710e-03  -5.9142745e-03
   4.9599956e-02  -1.6986010e-01   3.2503441e-01   1.8342688e-03   4.6493346e-03  -4.6112968e-03
   7.4250823e-02  -2.2052422e-01   1.9911121e-01   1.6193120e-03   6.0650085e-03  -3.7294843e-03
   2.6856836e-02  -1.3625149e-01   8.2512896e-02  -3.8227299e-04   5.4890169e-03  -4.7590328e-03
   4.1204161e-02  -1.0145105e-01   1.0906038e-01   1.2221726e-03   5.0194726e-03  -4.4169974e-03
   6.3515654e-02  -1.2309150e-01   1.0277106e-01  -4.1142362e-05   4.6590244e-03  -4.4041580e-03
   7.3811405e-02  -1.6620068e-01   1.7406038e-01  -6.1724620e-04   3.9905972e-03  -4.4920137e-03
   6.5305361e-02  -1.5497462e-01   1.8423759e-01  -1.2205229e-03   4.0858809e-03  -5.1552991e-03
   9.2934556e-02  -2.0059280e-01   3.4024100e-01  -9.7364487e-04   5.1312558e-03  -4.5696543e-03
   9.3611077e-02  -1.8087173e-01   2.0216642e-01  -4.8080619e-04   5.2174243e-03  -4.3590478e-03
   1.2065536e-01  -1.8597128e-01   2.5449598e-01  -6.7453007e-04   4.9585335e-03  -4.1828543e-03
   9.5188350e-02  -1.4820337e-01   1.7337033e-01  -3.2098113e-05   4.7677810e-03  -4.9473135e-03
   1.3365499e-01  -1.7037940e-01   2.3519177e-01  -3.6723531e-05   5.6036103e-03  -4.9050845e-03
   3.2741174e-02  -4.0442888e-02  -8.4103351e-02   3.8009063e-03   4.7414595e-03  -5.3341143e-03
  -1.3550157e-01   2.8277737e-02  -2.5229262e-02   3.6335423e-03   3.8578982e-03  -3.8795155e-03
  -2.8135243e-02  -1.9525777e-01   4.7262476e-01  -3.7308647e-03   3.5870067e-03  -2.2625376e-03
  -6.6111016e-02  -2.3347739e-01   5.8548363e-01  -6.1685491e-03   3.7250851e-03  -4.0461658e-03
  -1.5817844e-01  -3.5964754e-01   3.7494966e-01  -1.0402877e-02   3.3126652e-03  -3.4598600e-03
  -3.4489417e-02  -2.8566719e-01   4.6547746e-01  -7.9691228e-03   5.0483953e-03  -3.3902913e-03
  -1.1067962e-02  -3.0580216e-01   3.8494134e-01  -6.7399750e-03   3.9731566e-03  -4.2884224e-03
  -6.3049996e-02  -2.9623000e-01   6.6497167e-01  -8.1794341e-03   4.3531619e-03  -5.0184899e-03
  -6.2082566e-02  -2.0584716e-01   7.4912949e-01  -5.5918247e-03   4.6329706e-03  -5.4302931e-03
  -1.0118085e-01  -1.0701244e-01   5.5964160e-01  -3.3750902e-03   4.8292871e-03  -5.9193540e-03
  -1.4099837e-01  -1.5604820e-01   5.6715498e-01  -3.2634362e-03   5.9190540e-03  -7.1681796e-03
  -1.3330198e-01  -1.5553142e-01   6.2962368e-01  -3.9277659e-03   5.3789485e-03  -6.3792804e-03
  -8.2196218e-02  -1.6595697e-01   6.2273952e-01  -4.9302268e-03   4.9654047e-03  -5.8131083e-03
  -3.8891355e-02  -1.3381124e-01   5.9476100e-01  -3.7388818e-03   5.3269210e-03  -5.2018560e-03
  -6.9554935e-02  -1.5855492e-01   7.1695122e-01  -3.7788445e-03   7.1774097e-03  -6.3114619e-03
  -1.1269106e-01  -1.0291664e-01   8.5838875e-01  -2.2980647e-03   7.1486502e-03  -7.0631653e-03
  -1.9753489e-01  -1.2436017e-01   9.9257347e-01  -4.1349374e-03   5.7655315e-03  -7.0981821e-03
  -1.7975860e-01  -2.0406814e-01   7.2754454e-01  -5.7088564e-03   6.0574251e-03  -6.6686372e-03
  -1.2113815e-01  -2.4320848e-01   8.0904567e-01  -5.9025808e-03   5.3722503e-03  -5.8405531e-03
  -6.4715093e-02  -2.6882132e-01   6.0351052e-01  -6.6175398e-03   6.0943109e-03  -5.6800785e-03
  -4.5068744e-02  -2.3574878e-01   6.6483400e-01  -5.5894495e-03   6.2810941e-03  -5.8167716e-03
  -1.8704987e-02  -2.5526328e-01   6.1093593e-01  -6.0497106e-03   6.5288378e-03  -5.2898788e-03
  -3.3798399e-02  -2.7827472e-01   7.3433446e-01  -5.9337399e-03   8.1864210e-03  -5.8584234e-03
  -3.9716228e-02  -2.8566950e-01   7.4446507e-01  -5.2728182e-03   8.5722173e-03  -6.1884509e-03
  -3.7808438e-02  -3.0680380e-01   8.7014223e-01  -6.0705648e-03   7.2294793e-03  -5.6286897e-03
  -1.2949542e-02  -3.5593593e-01   6.8782845e-01  -7.6809490e-03   6.9246683e-03  -5.1937862e-03
  -8.1724846e-03  -4.2518330e-01   7.0597144e-01  -8.8878057e-03   6.7522840e-03  -4.9641636e-03
   2.1406804e-03  -4.4038890e-01   8.0202351e-01  -9.0587307e-03   5.9062475e-03  -5.1522364e-03
  -9.2623670e-03  -3.8110487e-01   9.8229832e-01  -8.3336991e-03   7.6541284e-03  -5.6927432e-03
   9.2402498e-04  -3.7133046e-01   6.9849175e-01  -7.2830069e-03   7.5389924e-03  -5.8797126e-03
   2.3936744e-02  -3.6771502e-01   6.3770302e-01  -7.2891453e-03   8.0945027e-03  -5.9262308e-03
  -1.3916072e-02  -3.9740144e-01   7.4304226e-01  -7.2365503e-03   9.1571979e-03  -7.1045397e-03
  -2.4497003e-02  -4.0142087e-01   7.7813381e-01  -6.9785614e-03   7.8686946e-03  -6.9480463e-03
  -3.1658091e-03  -4.2597676e-01   6.8785167e-01  -8.0602626e-03   5.8005463e-03  -6.4955938e-03
   3.1406135e-03  -3.7973242e-01   6.4684766e-01  -7.6953525e-03   7.0244742e-03  -6.5716732e-03
   1.6912621e-02  -3.8281407e-01   6.1421680e-01  -7.6673327e-03   6.5826155e-03  -6.7254547e-03
   1.4526544e-02  -3.8737629e-01   5.9224274e-01  -7.3888815e-03   6.4933321e-03  -6.6729090e-03
   3.7217770e-02  -3.8002288e-01   7.0369772e-01  -7.4206788e-03   6.3582900e-03  -6.3288697e-03
   2.8471194e-02  -4.0082009e-01   6.9498818e-01  -7.5530472e-03   6.7328208e-03  -6.6917256e-03
   2.6789006e-03  -4.0376286e-01   8.1211871e-01  -7.1469488e-03   7.8828252e-03  -7.3835127e-03
  -1.0906357e-02  -3.8725399e-01   8.2333647e-01  -6.9432545e-03   8.2334543e-03  -7.2383176e-03
   8.4368760e-03  -3.9440086e-01   9.2805134e-01  -7.8796209e-03   7.4989648e-03  -6.9279914e-03
   3.0397028e-02  -4.2779651e-01   6.9710553e-01  -8.1937330e-03   6.8262949e-03  -6.3440588e-03
  -1.2494526e-02  -4.3467312e-01   5.8611607e-01  -7.5896036e-03   5.8865012e-03  -6.7410153e-03
   2.3513331e-02  -4.2084901e-01   7.2622724e-01  -8.3274349e-03   5.6446024e-03  -6.4341303e-03
   2.5391290e-02  -4.0132153e-01   9.4137330e-01  -8.3045753e-03   6.8185383e-03  -6.4014254e-03
  -1.0113846e-02  -4.3774739e-01   7.1666495e-01  -8.6944944e-03   6.6094059e-03  -6.1209204e-03
   1.2569115e-02  -4.4534878e-01   6.4942425e-01  -9.1436388e-03   6.0867276e-03  -5.7948660e-03
   3.5816225e-02  -4.3133179e-01   7.1339895e-01  -8.8039471e-03   5.6052240e-03  -6.0548977e-03
   2.9206102e-02  -4.2648859e-01   8.4965576e-01  -8.9092247e-03   6.5297861e-03  -6.5374826e-03
   4.5137572e-02  -4.3861713e-01   6.1364364e-01  -8.3839739e-03   7.0885815e-03  -6.2970343e-03
   5.8850972e-02  -4.0535746e-01   6.6329264e-01  -7.7522882e-03   7.8497815e-03  -7.2327174e-03
   5.4434200e-02  -4.3119969e-01   7.2524656e-01  -7.5088650e-03   8.1477097e-03  -7.6906618e-03
   3.0249972e-02  -4.1216660e-01   8.4232473e-01  -6.9318154e-03   7.8699803e-03  -7.4143370e-03
   5.0788319e-02  -3.9015935e-01   9.6656454e-01  -6.9935079e-03   8.2253447e-03  -7.0110590e-03
   7.9530272e-02  -4.0391375e-01   9.1276035e-01  -7.3841375e-03   7.5052959e-03  -6.8064394e-03
   6.6898832e-02  -4.5193992e-01   7.4970592e-01  -8.3306819e-03   6.6474294e-03  -7.2475205e-03
   7.5742425e-02  -4.3533095e-01   6.5106169e-01  -8.1714488e-03   7.5932376e-03  -6.9354624e-03
   1.0491933e-01  -4.2665158e-01   6.7359273e-01  -8.0188077e-03   7.7975953e-03  -6.9427901e-03
   1.0708073e-01  -3.9344667e-01   6.1717016e-01  -6.7418358e-03   7.7752771e-03  -6.9325905e-03
   1.0685682e-01  -4.3584406e-01   6.9427844e-01  -6.6474740e-03   8.5236333e-03  -7.5211628e-03
   1.1925312e-01  -4.1980149e-01   7.8190549e-01  -6.2855964e-03   8.5552261e-03  -7.1869565e-03
   1.4258143e-01  -4.2464125e-01   9.0336914e-01  -6.6843135e-03   7.8129661e-03  -6.5866007e-03
   1.8063958e-01  -4.2805901e-01   8.3140517e-01  -7.0563042e-03   7.0685839e-03  -6.3962727e-03
   1.7914802e-01  -4.1960821e-01   8.2191690e-01  -6.8139703e-03   8.6640924e-03  -6.5850437e-03
   1.9672449e-01  -4.1277522e-01   8.5208766e-01  -6.5985680e-03   8.3264883e-03  -6.0416651e-03
   1.5873512e-01  -4.4356365e-01   7.9064728e-01  -7.1184385e-03   7.0630134e-03  -5.6882379e-03
   1.6236278e-01  -4.5346680e-01   5.6961635e-01  -6.9770001e-03   6.9967356e-03  -5.4889477e-03
   1.7033026e-01  -4.6733452e-01   6.7727037e-01  -7.5051531e-03   6.8952220e-03  -5.7892658e-03
   1.8233766e-01  -4.7128096e-01   6.7682300e-01  -7.3133063e-03   6.6958381e-03  -5.3405729e-03
   1.9269010e-01  -4.7773589e-01   7.6142645e-01  -7.0597253e-03   6.8287078e-03  -5.6508021e-03
   1.9549256e-01  -4.5112266e-01   7.1381819e-01  -6.3998551e-03   6.9725295e-03  -5.4462558e-03
   2.2009931e-01  -4.4985906e-01   7.0472253e-01  -6.6154029e-03   7.5411650e-03  -5.3061546e-03
   2.1859997e-01  -4.3775228e-01   6.7533448e-01  -6.2458847e-03   6.9600608e-03  -4.9843472e-03
   2.3872608e-01  -4.2707390e-01   6.9215956e-01  -6.0566602e-03   7.3516263e-03  -5.0158821e-03
   2.4390226e-01  -4.1336483e-01   6.3570068e-01  -5.2781047e-03   7.1886505e-03  -5.1010390e-03
   2.5780688e-01  -4.3666120e-01   6.4737924e-01  -5.3511279e-03   7.4270242e-03  -5.1300733e-03
   2.5217844e-01  -4.6195340e-01   6.6215556e-01  -5.5897528e-03   6.2545097e-03  -5.6043267e-03
   2.7828569e-01  -4.6314084e-01   6.0000610e-01  -5.6570356e-03   6.7092593e-03  -5.7099005e-03
   3.0150053e-01  -4.0872116e-01   5.8176095e-01  -4.5920177e-03   7.7093586e-03  -5.3589510e-03
   3.1895788e-01  -4.0477116e-01   4.9278086e-01  -3.8319065e-03   7.8685634e-03  -5.5253094e-03
   2.9385670e-01  -4.1204162e-01   5.5388631e-01  -3.5087031e-03   8.0506029e-03  -5.8574258e-03
   3.1451340e-01  -4.4814190e-01   5.7920738e-01  -3.1426228e-03   7.8572076e-03  -5.7471237e-03
   2.8313700e-01  -3.9745957e-01   5.0938023e-01  -2.4087182e-03   8.3423064e-03  -5.8254078e-03
   3.1282111e-01  -3.8900702e-01   4.8281787e-01  -1.9083858e-03   8.1878201e-03  -5.0479619e-03
   3.5078751e-01  -4.2858341e-01   4.9417878e-01  -3.1821544e-03   6.9055361e-03  -4.6711021e-03
   3.8892699e-01  -4.3465603e-01   5.0785223e-01  -3.1396426e-03   7.4320421e-03  -5.0141914e-03
   3.3589368e-01  -4.2136227e-01   5.4138774e-01  -3.2241268e-03   7.9282747e-03  -5.6010467e-03
   3.1617116e-01  -3.8823158e-01   4.7088002e-01  -2.7020217e-03   8.2101505e-03  -5.6636206e-03
   3.1466495e-01  -3.9583627e-01   4.6750679e-01  -3.5619947e-03   7.3916648e-03  -5.4980899e-03
   3.3946275e-01  -3.6266131e-01   3.9998991e-01  -2.3380237e-03   7.6313775e-03  -5.6651093e-03
   3.4589409e-01  -3.6315029e-01   4.1046287e-01  -2.7547064e-03   7.4943123e-03  -5.0308465e-03
   3.7485191e-01  -3.8524782e-01   3.9708968e-01  -2.1239229e-03   8.2540801e-03  -5.9297475e-03
   2.4713807e-01  -3.9170582e-01   3.6471225e-01  -3.5534411e-03   5.8800389e-03  -4.1092269e-03
   1.7146051e-01  -5.0138037e-01   4.1613688e-01  -6.8412715e-03   6.1291184e-03  -5.0637025e-03
   2.0447606e-01  -4.0473188e-01   6.2669356e-01  -5.6253537e-03   7.7983659e-03  -6.1173314e-03
   1.7594299e-01  -4.6796608e-01   4.7100503e-01  -5.9987207e-03   7.8255116e-03  -6.7695863e-03
   2.5004805e-01  -4.8995730e-01   4.4887374e-01  -5.2803279e-03   9.9565355e-03  -7.0683989e-03
   2.5030477e-01  -4.8118750e-01   5.2081401e-01  -5.3525083e-03   9.7072299e-03  -6.7716774e-03
   2.4088863e-01  -4.5541082e-01   5.9318915e-01  -5.0847694e-03   9.1752667e-03  -6.6417985e-03
   1.8877793e-01  -4.7330240e-01   7.2161291e-01  -5.5794173e-03   8.5973274e-03  -7.1463172e-03
   2.0213321e-01  -5.1508143e-01   5.7623696e-01  -5.5689285e-03   7.5539589e-03  -5.9438231e-03
   1.6375196e-01  -5.4632122e-01   6.9118230e-01  -6.1892582e-03   7.2710203e-03  -6.7369065e-03
   1.7351174e-01  -5.2125454e-01   5.6144802e-01  -4.5384090e-03   6.5719867e-03  -7.0242110e-03
   2.1429081e-01  -4.3379715e-01   5.0355432e-01  -2.8668748e-03   7.5365577e-03  -6.6417829e-03
   2.2201172e-01  -4.4300166e-01   5.2503019e-01  -3.0290535e-03   7.9324459e-03  -6.6852558e-03
   2.1992419e-01  -4.8414517e-01   5.3884826e-01  -3.4781857e-03   7.1546093e-03  -6.7241577e-03
   2.2132715e-01  -5.3592191e-01   5.2031661e-01  -4.1457399e-03   7.0696712e-03  -6.9362662e-03
   1.8871942e-01  -5.2832308e-01   5.2998091e-01  -4.3990052e-03   7.6181144e-03  -7.0514536e-03
   1.9532677e-01  -5.1219327e-01   4.4206548e-01  -3.4815041e-03   7.9503285e-03  -6.9397739e-03
   2.1621097e-01  -5.2699099e-01   4.7988517e-01  -3.6683783e-03   7.3235111e-03  -6.6911336e-03
   2.3716398e-01  -5.4331291e-01   4.3460077e-01  -3.8800636e-03   7.1032581e-03  -6.6099735e-03
   2.3517312e-01  -5.2841918e-01   4.9505571e-01  -3.5563709e-03   7.7668658e-03  -6.9547247e-03
   1.9221225e-01  -5.6662315e-01   4.1147445e-01  -4.5498521e-03   7.7070425e-03  -6.7453645e-03
   1.8982657e-01  -5.4749796e-01   3.6653776e-01  -3.5228008e-03   8.7008843e-03  -7.2286613e-03
   1.8237694e-01  -5.3171652e-01   4.0766062e-01  -2.5346743e-03   9.0991844e-03  -8.4497129e-03
   1.6550984e-01  -5.4378508e-01   3.8123837e-01  -2.4938791e-03   9.0670189e-03  -8.4399889e-03
   2.3203339e-01  -5.5871296e-01   3.5244014e-01  -3.1888497e-03   8.5054676e-03  -7.0774361e-03
   2.2346465e-01  -5.2265282e-01   3.5975218e-01  -2.3138969e-03   8.5434166e-03  -7.3354837e-03
   1.9704572e-01  -5.1060295e-01   4.0551989e-01  -1.5063422e-03   9.5022188e-03  -8.5388357e-03
   1.8216781e-01  -5.1246767e-01   4.2937971e-01  -9.2930281e-04   9.4414672e-03  -8.5447419e-03
   2.2061298e-01  -5.6471968e-01   5.1152955e-01  -3.0727510e-03   8.5630697e-03  -8.2282408e-03
   8.9168516e-02  -5.7742590e-01   8.4083077e-01  -8.1780820e-03   7.5914246e-03  -7.6147279e-03
  -7.1325464e-02  -6.8021309e-01   9.7769154e-01  -1.0660706e-02   7.2169956e-03  -9.0804601e-03
   3.4896319e-02  -7.4277643e-01   1.7458242e+00  -1.5534613e-02   7.7730024e-03  -8.7250291e-03
   3.7065033e-02  -6.9729443e-01   1.2089150e+00  -1.3006879e-02   7.3864804e-03  -7.3007943e-03
   1.1497910e-01  -7.4168558e-01   8.8719535e-01  -1.2652494e-02   8.2669059e-03  -7.2093625e-03
   1.2090452e-01  -7.5064517e-01   9.5094075e-01  -1.2498305e-02   8.7026649e-03  -7.8049414e-03
   1.5993836e-01  -7.3763769e-01   8.9089625e-01  -1.1437258e-02   9.2164306e-03  -7.5798699e-03
   1.4414083e-01  -7.3690670e-01   7.9918702e-01  -1.1475273e-02   9.2962326e-03  -8.1698583e-03
   1.2872688e-01  -6.8999369e-01   7.1181631e-01  -1.0701069e-02   8.1778438e-03  -8.6045914e-03
   9.8968256e-02  -6.5178165e-01   6.9763667e-01  -9.9682850e-03   8.0474142e-03  -9.0088729e-03
   9.1337484e-02  -6.5594583e-01   6.6002638e-01  -9.7903458e-03   7.2235526e-03  -8.8279491e-03
   1.0413553e-01  -6.4959590e-01   6.5730781e-01  -9.3573438e-03   7.6344560e-03  -8.5340399e-03
   1.8039325e-01  -5.9277291e-01   6.5187177e-01  -7.9026607e-03   8.4980967e-03  -8.1283081e-03
   1.2791059e-01  -6.1002627e-01   6.5658833e-01  -7.7563326e-03   8.5786793e-03  -8.7582942e-03
   3.3609892e-02  -6.4627625e-01   6.4658518e-01  -7.7357207e-03   8.2405783e-03  -1.0437501e-02
   3.2408713e-02  -6.1455368e-01   6.2476341e-01  -7.1491349e-03   8.0517939e-03  -1.0430050e-02
   5.5111287e-02  -5.9816171e-01   7.0518447e-01  -7.3029265e-03   7.9711270e-03  -1.0148988e-02
   5.0701596e-02  -6.4774859e-01   6.7426873e-01  -8.4616856e-03   6.5897596e-03  -9.9922994e-03
   8.6482485e-02  -6.3288318e-01   6.4292208e-01  -8.1589046e-03   6.5322230e-03  -9.8844425e-03
   1.1129867e-01  -6.3185385e-01   6.1695002e-01  -7.9260453e-03   6.6552785e-03  -9.4718399e-03
   1.2798981e-01  -6.5793688e-01   5.7324711e-01  -7.8098295e-03   6.8359376e-03  -9.3981258e-03
   1.4978368e-01  -6.4092614e-01   5.5299874e-01  -7.5941255e-03   7.3516316e-03  -9.2420801e-03
   1.9000752e-01  -6.6314989e-01   6.2046825e-01  -8.1866406e-03   6.7751544e-03  -8.1419760e-03
   1.6105192e-01  -6.7861357e-01   6.2228456e-01  -8.2103023e-03   6.3494230e-03  -8.8194189e-03
   1.1128135e-01  -6.9226471e-01   7.0631505e-01  -8.5778297e-03   7.8461872e-03  -9.8140794e-03
   1.0061759e-01  -7.1695134e-01   6.0842004e-01  -8.3104316e-03   7.7489379e-03  -1.0022389e-02
   8.4038660e-02  -7.3724668e-01   5.7833102e-01  -9.3835843e-03   6.5661615e-03  -9.9496556e-03
   9.7691174e-02  -7.0704356e-01   5.3259444e-01  -8.8080084e-03   7.0624065e-03  -9.9891534e-03
   1.2378891e-01  -6.3644531e-01   5.5383347e-01  -6.5865804e-03   6.9796837e-03  -9.7922257e-03
   1.2306108e-01  -6.3521204e-01   5.5820810e-01  -6.4405094e-03   7.2487531e-03  -1.0055618e-02
   1.6842828e-01  -6.6585220e-01   6.1226536e-01  -7.2144117e-03   6.8040293e-03  -9.1061151e-03
   1.9868874e-01  -6.9862049e-01   6.0342275e-01  -7.7925500e-03   6.2047193e-03  -8.2725652e-03
   1.6559325e-01  -6.6629957e-01   5.6470474e-01  -7.5639818e-03   6.4864991e-03  -9.4364505e-03
   1.3235045e-01  -6.6429320e-01   5.5789019e-01  -7.4128674e-03   7.4460574e-03  -9.8934339e-03
   1.6175009e-01  -6.4764373e-01   5.5840383e-01  -6.8228309e-03   7.7612040e-03  -9.9407219e-03
   1.5882790e-01  -6.3635785e-01   5.2454260e-01  -6.3777922e-03   7.8210607e-03  -9.8582476e-03
   1.6353404e-01  -6.2655005e-01   5.3374836e-01  -5.7939028e-03   7.7082590e-03  -9.9186618e-03
   1.5960621e-01  -6.5814257e-01   5.1187717e-01  -6.0445798e-03   7.5420655e-03  -1.0243096e-02
   1.7211747e-01  -6.6426513e-01   5.3540787e-01  -6.0066167e-03   7.5006079e-03  -1.0057880e-02
   1.9756260e-01  -7.0372617e-01   5.8927890e-01  -6.8702317e-03   6.3062985e-03  -9.5517851e-03
   1.8221786e-01  -7.0810300e-01   5.4200221e-01  -6.5313880e-03   6.3612006e-03  -1.0141376e-02
   1.9105025e-01  -7.0217111e-01   5.5379535e-01  -6.0398863e-03   7.4808358e-03  -9.8364020e-03
   1.6382442e-01  -6.6328720e-01   4.9199612e-01  -5.1745991e-03   7.7276599e-03  -1.0192515e-02
   1.4626317e-01  -6.3710859e-01   5.9184146e-01  -4.1576159e-03   9.1041676e-03  -1.1616181e-02
   1.1090623e-01  -6.4123354e-01   5.2788715e-01  -3.2874690e-03   9.7510667e-03  -1.2348590e-02
   1.4498175e-01  -6.5738468e-01   5.5929412e-01  -3.5576824e-03   8.8284404e-03  -1.1702874e-02
   1.9793146e-01  -6.3243675e-01   5.2894629e-01  -2.7716127e-03   8.4005187e-03  -1.0665778e-02
   1.7381455e-01  -6.3450135e-01   5.1412755e-01  -2.9683980e-03   9.6274697e-03  -1.1566993e-02
   1.7090349e-01  -6.1053797e-01   5.5657673e-01  -1.9032044e-03   1.0540197e-02  -1.2461247e-02
   1.8669437e-01  -6.0519690e-01   5.8362555e-01  -1.7709771e-03   9.6603894e-03  -1.1478208e-02
   1.8777349e-01  -6.3708754e-01   4.7038419e-01  -2.8808023e-03   8.2281334e-03  -1.0604356e-02
   2.3338572e-01  -6.0418688e-01   4.7898193e-01  -2.6434253e-03   8.7303343e-03  -1.0651400e-02
   1.9550592e-01  -5.9630351e-01   4.6400959e-01  -2.4237959e-03   8.2356136e-03  -1.0908595e-02
   2.1818610e-01  -6.0015185e-01   4.9547325e-01  -2.0153458e-03   8.6070192e-03  -1.1151484e-02
   2.0835021e-01  -5.9263737e-01   4.7767927e-01  -1.7451873e-03   8.5449859e-03  -1.1159810e-02
   2.3822534e-01  -6.1557126e-01   5.0118588e-01  -2.1707650e-03   8.3333793e-03  -1.1063871e-02
   2.7143779e-01  -5.9736957e-01   5.2305480e-01  -1.6557030e-03   8.2789877e-03  -1.1330182e-02
   2.7729542e-01  -6.3731547e-01   4.9373039e-01  -1.8463859e-03   8.9818829e-03  -1.1597951e-02
   2.4136180e-01  -6.4032469e-01   4.6397845e-01  -1.0537492e-03   9.2698154e-03  -1.1478693e-02
   1.9623242e-01  -6.2285284e-01   3.4599981e-01  -1.0321440e-03   9.0052296e-03  -1.1039852e-02
   2.2987885e-01  -5.9567564e-01   3.8604941e-01  -7.8956165e-05   1.1358257e-02  -1.2021353e-02
   2.3135641e-01  -6.1554354e-01   3.8239458e-01   4.5371351e-04   1.0959196e-02  -1.2146616e-02
   2.4980535e-01  -6.3687233e-01   3.5507761e-01  -8.5544092e-04   9.1452998e-03  -1.1156128e-02
   2.7751408e-01  -6.3122040e-01   3.6139686e-01  -7.1343443e-04   8.9286436e-03  -1.0673293e-02
   2.7273380e-01  -6.5304263e-01   3.8971415e-01  -1.2728526e-03   7.9459419e-03  -1.0580353e-02
   2.7186664e-01  -6.6272150e-01   4.0427293e-01  -1.0931845e-03   7.3636414e-03  -1.0946228e-02
   2.6890300e-01  -6.5937079e-01   3.6213245e-01  -9.3975792e-04   8.0898218e-03  -1.0744587e-02
   3.0449061e-01  -6.5162560e-01   3.3230455e-01   1.9638693e-04   8.6498813e-03  -1.0616970e-02
   2.7453275e-01  -6.7366919e-01   3.5181432e-01  -7.4658774e-04   7.6236330e-03  -1.0387046e-02
   2.6247719e-01  -6.9410774e-01   3.4002493e-01  -1.2260570e-03   7.1926473e-03  -1.0705339e-02
   2.0013637e-01  -6.4592444e-01   3.2384636e-01   3.9811873e-04   8.3769252e-03  -1.1410862e-02
   1.9128756e-01  -6.0268867e-01   4.1087495e-01   2.2504845e-03   9.2234913e-03  -1.1679593e-02
   1.7819624e-01  -6.2892622e-01   3.6780604e-01   1.9827197e-03   9.4082508e-03  -1.2233352e-02
   1.6331624e-01  -6.4958837e-01   3.0408179e-01   1.9277853e-03   1.0255021e-02  -1.3336673e-02
   1.4587419e-01  -6.2193428e-01   3.6301630e-01   2.3448191e-03   9.9822616e-03  -1.2871196e-02
   1.3380311e-01  -6.4820241e-01   2.9499453e-01   8.7207155e-04   8.3237128e-03  -1.2187232e-02
   1.5508462e-01  -6.4641198e-01   2.2982535e-01   1.3306397e-03   8.1726359e-03  -1.2304756e-02
   1.5738309e-01  -6.4303455e-01   2.0383321e-01   1.4059212e-03   6.9469234e-03  -1.1342180e-02
   1.5965140e-01  -6.3050023e-01   2.5370343e-01   2.2596646e-03   8.4978676e-03  -1.2283576e-02
   1.7972043e-01  -5.8786705e-01   2.2305628e-01   3.3614200e-03   8.5917668e-03  -1.1453964e-02
   1.6450099e-01  -5.7361742e-01   1.2140438e-01   4.0353411e-03   8.4647573e-03  -1.1545128e-02
   1.8741904e-01  -5.5635755e-01   1.9731523e-01   4.2407991e-03   8.5410706e-03  -1.1313537e-02
   2.2761362e-01  -5.7078089e-01   1.9288443e-01   4.2530978e-03   8.8950499e-03  -1.1400530e-02
   2.1670615e-01  -5.6454231e-01   2.1436703e-01   4.6507774e-03   8.9500884e-03  -1.1681764e-02
   2.5876670e-01  -5.5309636e-01   1.9862294e-01   5.0847170e-03   9.0612523e-03  -1.1279683e-02
   2.7029299e-01  -5.9480861e-01   2.2650803e-01   3.7849857e-03   7.9929166e-03  -1.0847320e-02
   2.7471305e-01  -5.7996415e-01   2.5458374e-01   4.8584735e-03   8.7477367e-03  -1.2026814e-02
   2.3952060e-01  -6.2088057e-01   2.7058871e-01   4.7659888e-03   9.6046977e-03  -1.2106438e-02
   1.7841207e-01  -6.3821753e-01   1.3665231e-01   4.2996011e-03   9.3218694e-03  -1.1836236e-02
   1.8997224e-01  -6.0603451e-01   1.8769362e-01   4.5854651e-03   9.2048193e-03  -1.1617571e-02
   2.2195306e-01  -5.9619342e-01   1.1769090e-01   4.9572645e-03   9.0615077e-03  -1.1154822e-02
   2.1123376e-01  -5.9239046e-01   1.6330992e-01   5.1179057e-03   8.9108508e-03  -1.1575925e-02
   2.1154512e-01  -5.9993840e-01   1.5267380e-01   5.7343591e-03   9.3167891e-03  -1.1742299e-02
   2.1689958e-01  -6.1936737e-01   2.0305919e-01   5.4712905e-03   9.7368906e-03  -1.2423912e-02
   1.6971776e-01  -6.4926327e-01   1.4172767e-01   6.1606110e-03   1.0502328e-02  -1.3721454e-02
   1.4420817e-01  -6.5739974e-01   1.5238298e-01   5.6927384e-03   1.0184665e-02  -1.3673941e-02
   1.5951335e-01  -6.1258695e-01   1.2667130e-01   6.0136002e-03   9.4320373e-03  -1.3141284e-02
   1.6255142e-01  -6.4057271e-01   1.3744104e-01   5.2808548e-03   8.1082349e-03  -1.2293982e-02
   1.6018518e-01  -6.5702869e-01   1.3615847e-01   5.0087723e-03   7.4741370e-03  -1.2580911e-02
   1.3764213e-01  -6.4308500e-01   2.2726083e-01   5.6711190e-03   8.4521845e-03  -1.3526942e-02
   1.0475000e-01  -6.1589949e-01   2.2234397e-01   6.0993129e-03   9.0927457e-03  -1.3337353e-02
   9.4289555e-02  -6.2442315e-01   1.5888444e-01   6.2269402e-03   8.6987815e-03  -1.3158177e-02
   1.5223358e-01  -6.1412874e-01   2.1038856e-01   6.3067865e-03   7.9597342e-03  -1.2423686e-02
   1.2945585e-01  -6.1099834e-01   2.4189135e-01   6.4732850e-03   8.5604538e-03  -1.3329940e-02
   1.2454304e-01  -6.0959130e-01   2.0985147e-01   6.5898323e-03   8.9579493e-03  -1.3239007e-02
   1.1524240e-01  -5.8506933e-01   1.3376560e-01   6.8352170e-03   8.5002110e-03  -1.3157671e-02
   1.1275596e-01  -5.7094277e-01   1.4997018e-01   6.9716468e-03   8.6888403e-03  -1.3440833e-02
   1.0881611e-01  -5.6135513e-01   2.3500677e-01   5.5655785e-03   8.5019981e-03  -1.2576704e-02
   9.8493292e-02  -5.6246126e-01   3.7731933e-01   4.2545697e-03   8.3742549e-03  -1.1953207e-02
   9.9805183e-02  -5.2291654e-01   3.5284293e-01   5.4850613e-03   8.5888226e-03  -1.1808910e-02
   1.1409469e-01  -4.9910911e-01   3.3145977e-01   5.6430332e-03   8.2597563e-03  -1.1129305e-02
   1.1501493e-01  -4.9423085e-01   3.0024459e-01   6.2481079e-03   7.7984955e-03  -1.0717315e-02
   1.4223145e-01  -4.7479791e-01   2.9904937e-01   7.1392445e-03   7.7499467e-03  -9.8060784e-03
   1.4349761e-01  -4.5826044e-01   3.0959716e-01   7.0947262e-03   8.0959952e-03  -1.0084211e-02
   1.6787564e-01  -4.4594876e-01   3.2100832e-01   7.2989142e-03   8.4009091e-03  -9.9416770e-03
   1.6206876e-01  -4.2212751e-01   3.5413529e-01   7.3931665e-03   8.0631140e-03  -1.0125426e-02
   1.7114004e-01  -4.3211706e-01   3.8188300e-01   7.3811727e-03   7.6684692e-03  -1.0082457e-02
   1.6344254e-01  -4.2103039e-01   3.6754859e-01   7.8484854e-03   7.6721089e-03  -1.0443010e-02
