  -1.4210855e-14   0.0000000e+00   0.0000000e+00   0.0000000e+00   0.0000000e+00   3.7615819e-37
  -1.5246473e-02  -1.5280837e-02   2.7616589e-02   3.9847154e-06  -2.9393112e-04  -2.4049631e-04
  -2.8048268e-02  -3.7949634e-02   1.4816309e-02   4.3426837e-04  -4.7137764e-04  -1.6530845e-04
  -7.8228017e-02  -9.7927695e-02   4.2089797e-02  -1.2448114e-03  -7.8994752e-04  -1.3231663e-03
  -6.3443068e-02  -9.1393452e-02  -3.2485905e-02  -1.3009936e-03  -1.0310192e-03  -1.0803391e-03
  -3.3589283e-02  -7.7786215e-02  -3.3081621e-02  -1.2898957e-03  -1.1734762e-03  -4.4208581e-04
   2.8395158e-03  -1.1985274e-01  -1.0152348e-02  -2.8744933e-03  -1.0234017e-03   1.0639751e-04
  -2.5020712e-02  -1.3387486e-01  -3.3525272e-03  -2.9835422e-03  -1.4025473e-03  -1.4674789e-04
  -2.4837260e-02  -1.4743125e-01  -4.3231863e-02  -3.8622179e-03  -1.1541622e-03  -6.3945826e-04
  -3.8127372e-03  -1.5278958e-01  -3.2395027e-02  -4.1604330e-03  -8.8980293e-04  -5.4128096e-04
  -4.8033277e-04  -1.7975628e-01  -2.4492562e-02  -4.3446134e-03  -9.4736451e-04  -9.5321866e-05
  -4.6734009e-02  -2.2520390e-01   1.2769343e-02  -4.6210749e-03  -1.0749594e-03  -9.2157559e-04
   6.3938788e-03  -2.3914247e-01   1.2568960e-02  -6.1490580e-03  -4.2366528e-04  -3.5264208e-04
   7.2608105e-02  -2.0115284e-01  -7.8840029e-02  -5.3949135e-03  -2.1160861e-04   5.6517952e-04
   5.5105405e-02  -2.5876926e-01  -7.2649818e-02  -6.1534005e-03  -1.0136701e-04   3.2296555e-04
   5.9247065e-02  -2.5649893e-01  -8.3883848e-02  -6.2205284e-03  -3.0717655e-04   7.6771651e-04
   5.7421386e-02  -2.7764737e-01  -1.0248639e-01  -6.2733200e-03  -1.5270285e-04   8.4121282e-04
   6.8982350e-02  -2.6990979e-01  -1.0632291e-01  -6.3001600e-03  -4.4779732e-05   1.1179970e-03
   6.5465504e-02  -2.9280960e-01  -8.4121676e-02  -6.9744367e-03   8.3157902e-06   7.9517758e-04
   4.8533794e-02  -2.8706170e-01  -1.2323099e-01  -5.8114783e-03  -9.3999871e-04   9.3081313e-04
   3.3879289e-02  -2.7780228e-01  -1.4741533e-01  -6.0829148e-03  -3.5443838e-04   5.5148535e-04
   3.1445497e-02  -2.3068041e-01  -2.0147249e-01  -5.2478751e-03   1.5425192e-04   4.3962261e-04
   3.3936625e-02  -3.0555710e-01  -1.3676924e-01  -6.6333911e-03  -2.6210294e-04   3.9762374e-04
   2.4765597e-02  -2.9891216e-01  -1.9107484e-01  -5.9524838e-03   4.3650901e-04   5.0600895e-04
   3.6382146e-02  -2.7906838e-01  -1.9760729e-01  -6.0441743e-03  -1.8053774e-04   5.1415751e-04
   3.9883034e-02  -2.8348352e-01  -2.2262989e-01  -6.3647075e-03  -1.3569849e-04   3.3947061e-04
   3.9376657e-02  -2.8708413e-01  -2.1840887e-01  -6.7465508e-03  -1.6189603e-04   4.3845889e-04
   1.3089608e-02  -3.0068101e-01  -2.6651621e-01  -6.9167071e-03  -3.6543993e-04  -2.3592808e-05
   2.2438776e-02  -3.1735627e-01  -2.3771514e-01  -7.3471596e-03  -4.6186486e-04   1.5106743e-04
   5.8921622e-02  -2.9448928e-01  -2.8207162e-01  -7.5081076e-03   4.4207853e-04   5.0558535e-04
   6.5755340e-02  -3.1435438e-01  -2.7929579e-01  -7.6607002e-03   6.2044326e-04   5.7887473e-04
   7.1586591e-02  -3.3928286e-01  -2.6489250e-01  -8.1335229e-03   9.5082026e-04   6.6838035e-04
   7.0006612e-02  -3.2821679e-01  -2.8734339e-01  -7.7206036e-03   6.7858055e-04   1.0056113e-03
   6.8450893e-02  -3.1829562e-01  -3.0949120e-01  -7.8800231e-03   5.7486706e-04   7.9832857e-04
   6.7345048e-02  -2.8211434e-01  -3.1713539e-01  -7.2720235e-03   3.8479226e-04   8.6384344e-04
   5.5739528e-02  -3.0795808e-01  -3.0671715e-01  -7.5573413e-03   5.2781268e-04   6.8763249e-04
   3.7723217e-02  -3.3015748e-01  -3.1443870e-01  -7.7603289e-03   2.0119948e-04   6.2136624e-04
   1.9083754e-02  -3.5796853e-01  -3.0546984e-01  -8.5302232e-03   2.4401517e-04   7.3809175e-05
   5.0019352e-02  -3.2284018e-01  -2.8087151e-01  -8.4011780e-03   8.3420936e-04   3.5168301e-04
   6.6672201e-02  -3.5048899e-01  -2.6528954e-01  -8.7262349e-03   6.6303742e-04   6.5227857e-04
   8.0651393e-02  -3.5319310e-01  -2.8233748e-01  -8.5943490e-03   5.8638090e-04   9.0853553e-04
   6.3809511e-02  -3.6339940e-01  -2.6892479e-01  -9.1415525e-03   5.3083191e-04   7.1737930e-04
   6.5434016e-02  -3.4430202e-01  -3.0591075e-01  -8.8769358e-03   5.5946307e-04   7.5042064e-04
   8.4025371e-02  -3.3263252e-01  -3.3008770e-01  -8.6802762e-03   6.9842166e-04   1.0833487e-03
   8.9211303e-02  -3.3671260e-01  -2.8794007e-01  -8.4052767e-03   6.0015592e-04   1.2573117e-03
   1.1156982e-01  -3.6033527e-01  -3.1506925e-01  -8.1832690e-03   6.9398258e-04   1.5505104e-03
   1.1766362e-01  -3.5346101e-01  -3.3352592e-01  -8.7920364e-03   1.0207160e-03   1.4992666e-03
   1.1404137e-01  -3.3310182e-01  -3.4399010e-01  -8.3570361e-03   1.0849854e-03   1.4323522e-03
   1.0531441e-01  -3.3687854e-01  -3.4114683e-01  -8.6269561e-03   9.2959141e-04   1.4410961e-03
   1.1223223e-01  -3.6484336e-01  -3.3390024e-01  -8.8759112e-03   1.0192249e-03   1.5702230e-03
   1.1268700e-01  -3.6163298e-01  -3.4510661e-01  -8.7251781e-03   1.2988886e-03   1.4976731e-03
   1.2204589e-01  -3.5398781e-01  -3.6937603e-01  -8.6746019e-03   1.3180067e-03   1.7410756e-03
   1.2346982e-01  -3.5999599e-01  -3.3991727e-01  -8.8311316e-03   1.6807119e-03   1.6562710e-03
   1.0819750e-01  -3.6951844e-01  -3.5068891e-01  -9.0427002e-03   1.2610576e-03   1.4816048e-03
   1.0944438e-01  -3.7879858e-01  -3.6645902e-01  -9.3111513e-03   1.4358737e-03   1.5179649e-03
   1.2719730e-01  -3.4514512e-01  -3.9151708e-01  -9.0399300e-03   1.7656024e-03   1.7855597e-03
   1.1512084e-01  -3.5327541e-01  -4.0008719e-01  -9.2557069e-03   1.8721304e-03   1.5587788e-03
   1.1502701e-01  -3.7061311e-01  -4.1782106e-01  -8.4896404e-03   1.6679369e-03   1.4875567e-03
   8.2154959e-02  -3.8638263e-01  -4.1490437e-01  -9.6585159e-03   1.7396856e-03   1.0329386e-03
   9.0863817e-02  -3.7714233e-01  -3.9228164e-01  -9.9789747e-03   1.4995228e-03   1.2023154e-03
   9.1008141e-02  -3.8499547e-01  -3.8005200e-01  -9.9795088e-03   1.7359215e-03   1.1055357e-03
   1.0638962e-01  -3.9628084e-01  -4.0202402e-01  -9.7706509e-03   1.6534486e-03   1.4625701e-03
   1.0097275e-01  -4.4407423e-01  -3.9144030e-01  -1.0376921e-02   1.1946380e-03   1.1410146e-03
   1.0672194e-01  -4.1160846e-01  -3.9956450e-01  -1.0093581e-02   1.5594206e-03   1.4690847e-03
   9.5078807e-02  -4.0157012e-01  -3.9799702e-01  -9.5376308e-03   1.3401741e-03   1.4508214e-03
   7.8255135e-02  -4.2014168e-01  -3.7638612e-01  -9.5899839e-03   1.1538881e-03   1.2740063e-03
   6.2711443e-02  -4.7372606e-01  -3.7810010e-01  -1.0681737e-02   8.8570734e-04   1.0240979e-03
   7.3708933e-02  -4.8171037e-01  -3.9997918e-01  -1.0615630e-02   8.2570210e-04   1.1859714e-03
   6.4375236e-02  -4.5821909e-01  -3.9691119e-01  -1.0330880e-02   9.5390380e-04   9.6760963e-04
   8.4693979e-02  -4.5420359e-01  -3.9950621e-01  -1.0359922e-02   1.3385290e-03   1.1669647e-03
   8.4228236e-02  -5.1297363e-01  -3.7916971e-01  -1.1400186e-02   1.2629797e-03   1.2661838e-03
   1.0374333e-01  -5.0219367e-01  -4.0048762e-01  -1.1157633e-02   1.3397617e-03   1.5269193e-03
   1.0292447e-01  -4.7466118e-01  -3.9391026e-01  -1.0598905e-02   1.5023283e-03   1.4988096e-03
   7.1722424e-02  -4.6784885e-01  -4.1529827e-01  -1.0051654e-02   1.4760477e-03   1.3517155e-03
   6.4992995e-02  -4.7280464e-01  -4.3722394e-01  -1.0518924e-02   1.2465338e-03   1.1364179e-03
   7.0260659e-02  -4.3215709e-01  -4.8007681e-01  -1.0029184e-02   1.1222220e-03   1.1065628e-03
   7.6025102e-02  -4.2554498e-01  -4.5234303e-01  -1.0221133e-02   1.0030529e-03   1.2887156e-03
   6.6124079e-02  -4.3452534e-01  -4.5411340e-01  -1.0235478e-02   9.5884879e-04   9.7526589e-04
   5.6793440e-02  -4.5223836e-01  -4.7510625e-01  -1.0038580e-02   6.7157308e-04   1.0595046e-03
   7.7459234e-02  -4.3516686e-01  -4.6332465e-01  -1.0233610e-02   4.4511793e-04   1.1593289e-03
   9.0310312e-02  -4.0440552e-01  -4.9145254e-01  -9.7852536e-03   7.9326764e-04   1.5191705e-03
   8.9731889e-02  -4.3624484e-01  -4.7821628e-01  -9.9638906e-03   1.0557502e-03   1.5222934e-03
   6.2199568e-02  -4.4542354e-01  -4.7637964e-01  -9.9029283e-03   4.8055756e-04   1.3432539e-03
   5.8269415e-02  -4.5075288e-01  -4.7792717e-01  -1.0222410e-02   7.8974581e-04   1.1937926e-03
   9.2141837e-02  -4.0715847e-01  -4.7916971e-01  -1.0076756e-02   1.1828640e-03   1.6013502e-03
   7.7865219e-02  -4.0773870e-01  -4.9998030e-01  -9.3711257e-03   1.0362966e-03   1.3909130e-03
   8.2485296e-02  -4.3586794e-01  -4.7000939e-01  -1.0049537e-02   9.9769815e-04   1.4100394e-03
   1.0169722e-01  -4.5340880e-01  -4.4987815e-01  -1.0527281e-02   1.2845792e-03   1.7495805e-03
   1.3116140e-01  -4.3868002e-01  -4.6428051e-01  -1.0314595e-02   1.0388686e-03   2.1564068e-03
   1.1549909e-01  -4.4327145e-01  -4.5376486e-01  -1.0829263e-02   6.7438577e-04   1.9276692e-03
   1.1506146e-01  -4.3515015e-01  -4.8367522e-01  -9.8207058e-03   1.0230966e-03   2.2271503e-03
   1.1472750e-01  -4.4978950e-01  -4.8307497e-01  -1.0817416e-02   6.9475864e-04   2.0647726e-03
   1.2401385e-01  -4.5096300e-01  -4.9316424e-01  -1.0610395e-02   9.4091107e-04   1.9431398e-03
   1.0635394e-01  -4.4933488e-01  -4.9967150e-01  -1.0487876e-02   7.7456270e-04   1.6387078e-03
   1.0914185e-01  -4.9263132e-01  -4.9645981e-01  -1.0297827e-02   9.3478241e-04   1.6845478e-03
   1.2407971e-01  -5.3548302e-01  -4.6485264e-01  -1.1372044e-02   9.4584539e-04   1.9332153e-03
   1.4324205e-01  -5.1261967e-01  -5.0568074e-01  -1.0984142e-02   1.1658555e-03   2.2142598e-03
   1.3038964e-01  -4.7863859e-01  -5.0491887e-01  -1.0653804e-02   1.3645123e-03   2.0903239e-03
   1.2892325e-01  -4.8837490e-01  -5.1582350e-01  -1.0620083e-02   1.2726456e-03   1.7996605e-03
   1.2846278e-01  -5.4681360e-01  -4.8146592e-01  -1.1895322e-02   1.1702260e-03   2.0601113e-03
   1.3787660e-01  -5.5023412e-01  -5.1195927e-01  -1.1684030e-02   1.5849510e-03   2.2947281e-03
   1.4881265e-01  -4.9116627e-01  -4.9722752e-01  -1.0587486e-02   1.6270876e-03   2.4302131e-03
   1.4505122e-01  -5.1526590e-01  -4.6769902e-01  -1.0428865e-02   1.8154540e-03   2.6741425e-03
   1.3006002e-01  -5.3165316e-01  -4.9855441e-01  -1.0461826e-02   1.3010753e-03   2.5405460e-03
   1.4084615e-01  -5.1298374e-01  -5.2734827e-01  -1.0966104e-02   1.1813860e-03   2.2269996e-03
   1.2504585e-01  -5.2406355e-01  -5.2917527e-01  -1.1069564e-02   1.4018964e-03   2.2034723e-03
   1.2456265e-01  -5.2735684e-01  -5.2720183e-01  -1.1046329e-02   1.6962175e-03   1.8841664e-03
   1.3091666e-01  -5.3621870e-01  -5.3917238e-01  -1.1141595e-02   1.8743798e-03   2.1102640e-03
   1.3871030e-01  -5.5987964e-01  -4.9555059e-01  -1.1970355e-02   2.2244565e-03   2.0450251e-03
   1.4877544e-01  -5.2633116e-01  -4.9094125e-01  -1.1381744e-02   1.8533808e-03   2.2863471e-03
   1.4145399e-01  -5.5582062e-01  -4.8888488e-01  -1.1082900e-02   1.9902551e-03   2.1127894e-03
   1.4517582e-01  -5.6223573e-01  -4.9439435e-01  -1.1003191e-02   1.9968787e-03   2.3039412e-03
   1.2508223e-01  -5.8586495e-01  -4.9737067e-01  -1.1791780e-02   1.6814480e-03   1.9391228e-03
   1.2963763e-01  -5.4877013e-01  -5.2070511e-01  -1.0915773e-02   1.8398997e-03   1.8674884e-03
   1.3107153e-01  -5.6377920e-01  -4.9438250e-01  -1.1073395e-02   1.6396596e-03   1.8802333e-03
   1.5345647e-01  -6.0179735e-01  -5.0539697e-01  -1.1075333e-02   1.4772912e-03   2.3089373e-03
   1.4363575e-01  -6.1273174e-01  -5.0075818e-01  -1.1575021e-02   1.5873629e-03   2.1158670e-03
   1.4721806e-01  -5.8340179e-01  -5.1765297e-01  -1.1070607e-02   1.9501426e-03   1.8367206e-03
   1.3837817e-01  -5.7295466e-01  -5.2112714e-01  -1.0940225e-02   1.8724182e-03   1.7248420e-03
   1.5039298e-01  -5.9280825e-01  -5.1434973e-01  -1.0984142e-02   1.9340902e-03   1.8093286e-03
   1.5946640e-01  -6.2997439e-01  -4.9273944e-01  -1.1460753e-02   2.1761659e-03   2.0259437e-03
   1.8180759e-01  -5.7052513e-01  -5.0980359e-01  -1.1010031e-02   2.2352454e-03   2.2511333e-03
   1.4658861e-01  -5.6752480e-01  -5.1287778e-01  -1.0747616e-02   1.2650649e-03   1.8525447e-03
   1.2161658e-01  -5.6619126e-01  -5.2404278e-01  -1.0295274e-02   1.2942329e-03   1.6430476e-03
   1.3112472e-01  -5.9632725e-01  -5.1783090e-01  -1.0922838e-02   1.2785745e-03   1.7488848e-03
   1.1630323e-01  -6.0862144e-01  -5.1322397e-01  -1.1603191e-02   1.1200176e-03   1.6436799e-03
   1.1182590e-01  -5.7450498e-01  -5.1404560e-01  -1.1188333e-02   1.5742902e-03   1.3950986e-03
   1.1383982e-01  -5.6711936e-01  -5.5743408e-01  -1.0781549e-02   1.0643005e-03   1.3447620e-03
   1.2393014e-01  -5.6834629e-01  -5.5633167e-01  -1.0637428e-02   1.2994385e-03   1.4659802e-03
   1.3305055e-01  -5.8729926e-01  -5.1314492e-01  -1.1923654e-02   1.6803764e-03   1.4202342e-03
   1.2019662e-01  -5.8040807e-01  -5.0483218e-01  -1.1870838e-02   1.4870360e-03   1.4104263e-03
   1.1699195e-01  -5.9799489e-01  -5.0158276e-01  -1.1144611e-02   1.8194902e-03   1.4893522e-03
   1.2806293e-01  -6.1052135e-01  -5.3450054e-01  -1.0991591e-02   1.6395386e-03   1.7933323e-03
   1.2383787e-01  -5.9835884e-01  -5.4192123e-01  -1.1592684e-02   1.5169636e-03   1.5813136e-03
   1.2221765e-01  -5.5379253e-01  -5.2642608e-01  -1.1205553e-02   1.6204857e-03   1.3933799e-03
   1.0260357e-01  -5.9138396e-01  -5.5150158e-01  -1.1158621e-02   1.3811981e-03   1.0824384e-03
   7.8459364e-02  -6.0998036e-01  -5.8879503e-01  -1.0741495e-02   8.3926390e-04   9.0311564e-04
   1.1562536e-01  -5.6949661e-01  -5.8340966e-01  -1.0551716e-02   9.4720404e-04   1.5332243e-03
   1.2246946e-01  -5.6108922e-01  -5.8517020e-01  -1.0925758e-02   1.5551857e-03   1.3898435e-03
   1.1152646e-01  -5.6495531e-01  -5.8523009e-01  -1.0680818e-02   1.5924519e-03   1.1138141e-03
   1.1088138e-01  -5.7447258e-01  -5.9735132e-01  -1.0201790e-02   1.5736341e-03   9.8556748e-04
   1.0511701e-01  -5.8617060e-01  -5.7854283e-01  -1.0991063e-02   1.8683194e-03   1.0956573e-03
   1.0690989e-01  -6.0308416e-01  -5.9340966e-01  -1.1234139e-02   2.0517803e-03   9.8198769e-04
   9.3741814e-02  -5.9595055e-01  -6.0467514e-01  -1.0998157e-02   2.0230602e-03   6.8001517e-04
   9.0866346e-02  -5.8534663e-01  -6.1083606e-01  -1.0408489e-02   1.6219952e-03   6.3505983e-04
   7.4688082e-02  -6.3910130e-01  -5.6988122e-01  -1.1822589e-02   2.0770824e-03   4.1666239e-04
   9.3582107e-02  -6.3454750e-01  -5.6143907e-01  -1.1905608e-02   1.9946584e-03   5.9620704e-04
   9.5215099e-02  -5.8721578e-01  -5.8825160e-01  -1.0895329e-02   2.1823843e-03   5.3567296e-04
   8.1781778e-02  -6.0608578e-01  -5.6631911e-01  -1.0601680e-02   2.3671524e-03   5.4106748e-04
   8.7093657e-02  -6.3569083e-01  -5.7306093e-01  -1.1569908e-02   1.9921479e-03   7.8390795e-04
   8.9343149e-02  -6.3930774e-01  -5.8368386e-01  -1.1623794e-02   1.8823907e-03   8.2452434e-04
   9.6643663e-02  -6.0145433e-01  -5.8383584e-01  -1.0983587e-02   2.0161836e-03   7.4029844e-04
   6.9514346e-02  -6.2438115e-01  -5.9766920e-01  -1.1240096e-02   1.9856676e-03   7.1246487e-05
   8.0055012e-02  -6.4438864e-01  -6.0704052e-01  -1.1040535e-02   2.2061746e-03   3.9622810e-04
   7.2933964e-02  -6.4174362e-01  -6.1977570e-01  -1.1348080e-02   2.5297001e-03   1.8968869e-04
   8.4012611e-02  -6.3159926e-01  -6.2204695e-01  -1.1403583e-02   2.1005524e-03   4.3830340e-04
   7.4329156e-02  -6.2390036e-01  -5.9967552e-01  -1.0837950e-02   1.7162780e-03   3.0300636e-04
   7.4428299e-02  -6.4364985e-01  -6.3042690e-01  -1.0833861e-02   1.9081613e-03   2.7695750e-04
   5.2595981e-02  -6.7315590e-01  -6.2445042e-01  -1.1950382e-02   2.0328336e-03   3.3243557e-05
   7.1595931e-02  -6.5273071e-01  -6.2184432e-01  -1.1533177e-02   2.1566216e-03   1.5656626e-04
   6.4529092e-02  -6.3519315e-01  -6.3471775e-01  -1.0806876e-02   2.0800447e-03   2.4211375e-05
   6.0383842e-02  -6.5653229e-01  -6.5359610e-01  -1.0782446e-02   1.6804707e-03   2.9651445e-04
   3.7777825e-02  -6.3427436e-01  -6.7294418e-01  -1.0071366e-02   1.2619692e-03   3.7132219e-04
   3.3864907e-02  -6.2068272e-01  -6.9061735e-01  -1.0039741e-02   1.4451234e-03  -4.5598927e-05
   1.8635177e-02  -6.2933424e-01  -6.6328155e-01  -1.0027402e-02   1.7452909e-03  -2.7027091e-04
   2.0964032e-02  -6.6709503e-01  -6.5426272e-01  -1.0149977e-02   1.7269120e-03  -3.0442387e-06
   2.7865888e-02  -6.7574066e-01  -6.5248506e-01  -1.0721078e-02   1.3321992e-03  -3.6510885e-05
   5.4135952e-02  -6.3257484e-01  -6.8719120e-01  -1.0023437e-02   1.0922946e-03   2.0219202e-04
   2.3903149e-02  -6.0190357e-01  -6.8308004e-01  -9.6842358e-03   1.6103348e-03  -3.5461381e-04
   1.9400505e-02  -6.0722820e-01  -6.5626089e-01  -9.1681426e-03   1.6169598e-03  -2.2667401e-04
  -4.9762439e-03  -6.4611311e-01  -6.3846412e-01  -1.0421069e-02   9.6157996e-04  -3.0868164e-04
  -1.3757378e-02  -6.2356387e-01  -6.7360343e-01  -1.0325314e-02   6.8869198e-04  -6.7608020e-04
   3.9994791e-03  -5.9643774e-01  -6.4977747e-01  -9.8056632e-03   7.9071576e-04  -4.4906359e-04
   8.3413420e-03  -6.1579961e-01  -6.2090056e-01  -1.0027985e-02   1.1520027e-03  -2.2055046e-04
   1.5623959e-02  -6.2224190e-01  -6.6844739e-01  -1.0301991e-02   6.9387603e-04   1.2862529e-05
   1.1015810e-02  -6.0077115e-01  -7.0835950e-01  -9.8401520e-03   8.3080031e-04  -2.1349284e-04
   1.2912172e-02  -5.5791674e-01  -6.8278589e-01  -9.5378925e-03   8.5897486e-04  -3.0331852e-04
   1.1080575e-02  -5.9525229e-01  -6.4805496e-01  -9.9478345e-03   1.2497280e-03  -2.4667852e-04
   1.3905940e-02  -6.3961465e-01  -6.4463765e-01  -1.0069637e-02   9.0374717e-04   7.3822296e-05
   1.2842160e-02  -6.4612960e-01  -6.6584718e-01  -1.0625217e-02   1.1683776e-03  -3.2882937e-04
   3.2861600e-02  -6.1266617e-01  -6.9004174e-01  -1.0257795e-02   9.7299387e-04  -1.1455536e-04
   2.3019024e-02  -5.9983433e-01  -7.0486342e-01  -9.8104195e-03   6.6231493e-04  -2.7121425e-04
   2.0588557e-02  -6.4944702e-01  -6.6734677e-01  -1.0764604e-02   8.8678282e-04  -1.7967412e-04
   2.9203004e-02  -6.6217281e-01  -6.7340714e-01  -1.0776001e-02   1.1621989e-03   2.6135065e-05
   3.7949680e-02  -6.2786310e-01  -6.8925497e-01  -1.0150268e-02   1.1144844e-03   1.2971477e-04
   3.6077232e-02  -6.4756433e-01  -6.7035249e-01  -1.0191452e-02   1.4494169e-03   1.6973616e-04
   3.1999916e-02  -6.6683395e-01  -6.3693168e-01  -1.0252455e-02   1.0611092e-03   4.1819136e-04
   2.0624230e-02  -6.9755336e-01  -6.6003482e-01  -1.0748730e-02   7.4282814e-04  -7.5823710e-06
   4.9274208e-02  -6.4816478e-01  -6.7609816e-01  -9.8595521e-03   1.0411734e-03   1.9930533e-04
   5.1017153e-02  -6.3500470e-01  -6.8472657e-01  -9.9376079e-03   8.1729973e-04   1.7675746e-04
   5.5429632e-02  -6.5084396e-01  -6.8059635e-01  -1.0182186e-02   9.2320267e-04   1.1544435e-04
   5.9448429e-02  -6.8517047e-01  -6.6727910e-01  -1.0764882e-02   1.0486183e-03   3.0920293e-04
   6.6558591e-02  -6.8568449e-01  -6.7607233e-01  -1.0634675e-02   1.3491427e-03   3.9570484e-04
   5.3160728e-02  -6.5564114e-01  -6.8284667e-01  -1.0055712e-02   1.3243500e-03   5.9563404e-05
   4.9173391e-02  -6.7233605e-01  -7.0212826e-01  -9.8726730e-03   8.7147104e-04   4.7611434e-05
   4.6493615e-02  -7.1535653e-01  -6.5974940e-01  -1.1252750e-02   1.2031641e-03   9.2706538e-06
   5.6478971e-02  -6.9962288e-01  -6.7131730e-01  -1.0787978e-02   1.3424621e-03   1.8801470e-05
   5.8366905e-02  -6.7374989e-01  -6.6959326e-01  -1.0224881e-02   1.1145217e-03   1.1722512e-04
   4.2560426e-02  -6.9449509e-01  -6.6649897e-01  -9.9445104e-03   1.4008484e-03  -1.5593723e-04
   4.0259982e-02  -7.1556615e-01  -6.5059308e-01  -1.0585913e-02   1.0197815e-03   4.6418621e-06
   4.3367282e-02  -7.1149087e-01  -6.9350086e-01  -1.0296224e-02   7.9476397e-04   6.2991694e-05
   5.7502905e-02  -6.9600654e-01  -6.8980535e-01  -1.0876784e-02   1.1710534e-03   1.1603592e-04
   3.1201480e-02  -6.9772338e-01  -6.9308639e-01  -1.0229330e-02   6.7638072e-04  -4.3222121e-04
   3.7368090e-02  -7.3486156e-01  -6.9793441e-01  -1.0388183e-02   7.7700212e-04  -4.4649837e-05
   4.4631006e-02  -7.4770326e-01  -6.8094833e-01  -1.1140626e-02   1.4739150e-03  -9.0615712e-05
   3.8209385e-02  -7.0293469e-01  -6.8690643e-01  -1.0232550e-02   1.2318693e-03  -2.8186504e-04
   3.4951154e-02  -7.2053098e-01  -6.6776174e-01  -1.0163351e-02   1.7126617e-03  -3.7637792e-04
   4.2057705e-02  -7.4557385e-01  -6.7335156e-01  -1.0268268e-02   1.5743189e-03   8.6010195e-05
   2.2872083e-02  -7.6557532e-01  -6.8367605e-01  -1.0599538e-02   8.6143261e-04  -2.0926844e-04
   1.5996720e-02  -7.1663659e-01  -6.7918387e-01  -1.0160806e-02   8.0908491e-04  -5.3412404e-04
   1.0569983e-02  -7.3437041e-01  -7.1411059e-01  -1.0115841e-02   8.9945493e-04  -6.6665640e-04
   8.1831472e-04  -7.4717578e-01  -6.6265540e-01  -1.0167579e-02   4.3015130e-04  -5.1398814e-04
   1.7912461e-02  -7.5055411e-01  -7.2114942e-01  -1.0478609e-02   7.2128001e-04  -6.9428806e-04
   4.5904091e-02  -6.9973591e-01  -7.0688012e-01  -1.0156519e-02   8.7661048e-04  -6.6436203e-04
   2.1029379e-02  -7.3710582e-01  -6.4235225e-01  -1.0631782e-02   9.8363100e-04  -9.6481531e-04
   2.9780297e-02  -7.9171475e-01  -6.6140478e-01  -1.0995617e-02   1.0410303e-03  -6.2616650e-04
   5.9727656e-03  -8.1891479e-01  -6.3442243e-01  -1.1483020e-02   9.7605065e-04  -8.3297337e-04
   2.8491215e-02  -7.8983811e-01  -6.5261897e-01  -1.1525847e-02   1.3471293e-03  -8.3439184e-04
   9.6782582e-03  -7.8393575e-01  -6.5157275e-01  -1.1393499e-02   1.1698371e-03  -9.4908156e-04
   1.5509076e-02  -8.0879979e-01  -6.1659531e-01  -1.1457514e-02   1.1301451e-03  -8.0027912e-04
  -3.7195720e-02  -8.3873503e-01  -6.2074183e-01  -1.1526809e-02   7.2046392e-04  -1.2394420e-03
  -1.9830896e-02  -7.9269715e-01  -6.7051179e-01  -1.1580002e-02   1.1968557e-03  -1.2247340e-03
   2.3844985e-03  -7.7807247e-01  -6.2677614e-01  -1.1585098e-02   9.9830448e-04  -1.0502897e-03
   1.5894682e-03  -7.9858934e-01  -6.1899076e-01  -1.1319822e-02   1.2440731e-03  -1.1924710e-03
  -1.1117262e-02  -7.8594058e-01  -6.2562945e-01  -1.1553414e-02   1.1036240e-03  -1.1964473e-03
   4.9370102e-03  -7.8305886e-01  -6.2815597e-01  -1.1538492e-02   1.3044450e-03  -1.1227937e-03
   1.2723531e-02  -7.7703806e-01  -6.3209557e-01  -1.1588068e-02   1.5098162e-03  -1.1477733e-03
   1.0548703e-02  -7.7257729e-01  -6.4276001e-01  -1.1546105e-02   1.5375444e-03  -1.4404311e-03
   6.8492636e-03  -7.6761192e-01  -6.6814859e-01  -1.1836868e-02   1.5623472e-03  -1.2845110e-03
   2.0929067e-02  -7.3632715e-01  -7.0073749e-01  -1.1527486e-02   1.7288612e-03  -1.1393117e-03
   2.1297833e-02  -7.3943630e-01  -6.6793638e-01  -1.1932068e-02   1.8960189e-03  -1.2219546e-03
   4.8460155e-03  -7.6046264e-01  -6.4808338e-01  -1.1879222e-02   1.8141170e-03  -1.3685060e-03
   1.3743326e-02  -7.8294726e-01  -6.5777134e-01  -1.1846496e-02   1.7968788e-03  -1.2209366e-03
   1.6021097e-03  -7.9738889e-01  -6.6413459e-01  -1.2418360e-02   1.7107998e-03  -1.4920515e-03
   2.1184485e-02  -7.8113650e-01  -6.6162737e-01  -1.1994927e-02   1.9502426e-03  -1.2540858e-03
   1.9826600e-02  -7.7714676e-01  -6.6595188e-01  -1.1843346e-02   1.9847627e-03  -1.5122119e-03
   2.8614975e-02  -8.1114890e-01  -6.5902517e-01  -1.2008073e-02   1.9768889e-03  -1.3360840e-03
   3.8273487e-02  -8.1002521e-01  -6.7922803e-01  -1.2227975e-02   2.1372940e-03  -1.1954343e-03
   4.4145600e-02  -8.2550272e-01  -6.6470305e-01  -1.2019767e-02   2.3162670e-03  -1.2265131e-03
   1.0145371e-02  -8.5685862e-01  -7.0085913e-01  -1.1940644e-02   1.7941525e-03  -1.7811038e-03
   2.8404588e-02  -8.1082885e-01  -7.0391784e-01  -1.1625910e-02   2.1535367e-03  -1.4920231e-03
   9.3526966e-03  -8.4211491e-01  -6.8607664e-01  -1.2291674e-02   1.8513708e-03  -1.5843897e-03
   2.5781523e-02  -8.2470166e-01  -6.6022926e-01  -1.2333895e-02   2.1109607e-03  -1.5270042e-03
   6.5301217e-03  -8.2337748e-01  -6.7459322e-01  -1.1938239e-02   1.5299563e-03  -1.7740995e-03
   3.1242152e-03  -8.3053661e-01  -6.6322362e-01  -1.1926257e-02   1.7400663e-03  -1.8112649e-03
  -1.9301481e-03  -8.6781414e-01  -6.5140422e-01  -1.2483727e-02   1.4594730e-03  -1.7224335e-03
   1.2906525e-02  -8.7171185e-01  -6.6878962e-01  -1.2217652e-02   1.7015981e-03  -1.6327090e-03
  -5.5125713e-03  -8.5845779e-01  -6.5898516e-01  -1.2188356e-02   1.6084859e-03  -1.8402240e-03
  -4.7871036e-03  -8.4742375e-01  -6.8629831e-01  -1.1683955e-02   1.5719079e-03  -1.9890654e-03
  -3.0152270e-03  -8.7843494e-01  -6.7186858e-01  -1.2163134e-02   1.4623445e-03  -1.8237125e-03
   1.4352141e-02  -8.8068743e-01  -6.6548363e-01  -1.2210234e-02   1.7651824e-03  -1.5346086e-03
   1.8687405e-02  -8.9400504e-01  -6.6899872e-01  -1.2204318e-02   1.8191097e-03  -1.6921409e-03
   8.9130703e-03  -8.6737710e-01  -6.6696308e-01  -1.1738835e-02   1.7618928e-03  -1.7450146e-03
   2.1145312e-03  -8.9659097e-01  -6.5852687e-01  -1.2254006e-02   1.7670290e-03  -1.7526861e-03
   4.1190853e-03  -9.1784769e-01  -6.3499481e-01  -1.2449732e-02   1.9596579e-03  -1.8498330e-03
   6.7509501e-03  -9.0117714e-01  -6.6099986e-01  -1.1857919e-02   1.9670272e-03  -1.7947977e-03
  -2.7993546e-03  -8.9732372e-01  -6.7722018e-01  -1.1736714e-02   1.7650805e-03  -2.2341134e-03
   6.9392796e-03  -8.7985126e-01  -6.8121124e-01  -1.1548812e-02   1.6200887e-03  -1.8566930e-03
  -3.4931672e-03  -9.0243919e-01  -6.9513297e-01  -1.1792449e-02   1.5761142e-03  -1.6895383e-03
  -1.1174143e-02  -8.7622902e-01  -6.8725825e-01  -1.1040309e-02   1.0495173e-03  -1.5832079e-03
  -3.3033348e-02  -8.7263941e-01  -6.8864825e-01  -1.1212757e-02   1.0668397e-03  -2.1744751e-03
  -2.3976776e-02  -8.9427603e-01  -6.6784806e-01  -1.1153493e-02   9.8721765e-04  -1.8817374e-03
  -3.9707787e-02  -9.1933801e-01  -6.6977754e-01  -1.1662715e-02   1.1101593e-03  -2.0730793e-03
  -2.2375560e-02  -8.9744264e-01  -6.6870963e-01  -1.1092464e-02   1.2396732e-03  -1.7757198e-03
  -2.0394034e-02  -8.7830928e-01  -6.9423393e-01  -1.0880581e-02   1.2222584e-03  -1.8383794e-03
  -2.6813444e-03  -8.9521775e-01  -6.8308447e-01  -1.0587732e-02   1.6819351e-03  -1.7815443e-03
  -1.6369412e-02  -9.1715977e-01  -6.7704148e-01  -1.1171907e-02   1.3689111e-03  -1.8461187e-03
   4.8268464e-04  -9.3264587e-01  -6.9609562e-01  -1.0807137e-02   1.5780902e-03  -1.7188523e-03
  -7.6863683e-03  -9.3165061e-01  -6.8219825e-01  -1.0977430e-02   1.5959614e-03  -2.0837425e-03
   9.6715244e-03  -9.4031026e-01  -7.0289298e-01  -1.0585498e-02   1.4937823e-03  -1.8097674e-03
   3.2894233e-03  -9.5972834e-01  -6.9683616e-01  -1.1311811e-02   1.5932214e-03  -1.6604158e-03
   1.3527409e-02  -9.3984354e-01  -7.0364652e-01  -1.0692236e-02   1.5544723e-03  -1.6220534e-03
   2.0698693e-02  -9.3750319e-01  -6.7583458e-01  -1.0726736e-02   1.6706309e-03  -1.4341692e-03
   6.0514347e-03  -9.5143988e-01  -6.6522976e-01  -1.0734443e-02   1.5874143e-03  -1.6123385e-03
   2.4458678e-03  -9.8260506e-01  -6.5824777e-01  -1.1547113e-02   1.6395119e-03  -1.5988115e-03
   8.4348282e-03  -9.5473874e-01  -6.8000880e-01  -1.0980372e-02   1.7392168e-03  -1.4883718e-03
   1.8391579e-02  -9.1114036e-01  -6.5733159e-01  -1.0647811e-02   1.8691000e-03  -1.5298795e-03
   1.6202054e-02  -9.1316438e-01  -5.3853744e-01  -1.1033745e-02   1.7780753e-03  -1.3048959e-03
   8.4938930e-03  -9.3098458e-01  -5.0658408e-01  -1.1671792e-02   2.0677461e-03  -1.3896792e-03
   7.3202563e-03  -8.9990829e-01  -5.4154576e-01  -1.1149035e-02   2.0669233e-03  -1.6243500e-03
   2.3728561e-02  -8.4135800e-01  -5.5046015e-01  -1.0720443e-02   2.3523041e-03  -1.3038783e-03
   1.6913525e-03  -8.4649336e-01  -5.7903676e-01  -1.0838685e-02   1.9817514e-03  -1.4592239e-03
   7.3365295e-03  -8.6905251e-01  -5.5031178e-01  -1.1425278e-02   2.4078532e-03  -1.4492688e-03
   5.0724837e-03  -8.7372271e-01  -5.3140186e-01  -1.1714591e-02   2.1948341e-03  -1.1307474e-03
   8.3274591e-05  -8.5344281e-01  -5.5190797e-01  -1.1324531e-02   1.8411337e-03  -1.3479355e-03
  -1.7163418e-04  -8.5524567e-01  -5.6075402e-01  -1.0973216e-02   1.9140499e-03  -1.3538420e-03
  -4.0130760e-03  -8.7490387e-01  -5.4534699e-01  -1.1130238e-02   1.8265807e-03  -1.3194546e-03
   7.3405741e-04  -8.9442011e-01  -5.3443318e-01  -1.1562536e-02   2.0486165e-03  -1.3077585e-03
  -1.4449394e-03  -8.8452270e-01  -5.4447008e-01  -1.1818795e-02   2.5086255e-03  -1.6033836e-03
