  -1.4210855e-14   0.0000000e+00   0.0000000e+00   3.1418198e-89  7.0965997e-110   3.7615819e-37
   6.3262551e-03  -1.7273788e-02   7.9451886e-02   1.1865779e-04  -9.2320108e-05   1.1701523e-04
   2.0654893e-02  -2.1885771e-02   1.1080850e-01   5.2092536e-05   5.2626948e-05   3.4381628e-04
   2.5397954e-02  -2.8782946e-02   1.3260069e-01  -2.2734828e-04  -9.1239185e-05   5.1610937e-04
   3.1736951e-02  -1.3307202e-02   1.0285032e-01  -4.3598393e-05   1.8847938e-04   6.8886963e-04
   3.3179182e-02  -2.1791144e-02   1.4951632e-01   9.2810840e-05   2.3408983e-04   8.3487598e-04
   4.7282822e-02  -3.3041003e-02   1.5890221e-01  -1.8711893e-05   4.0532928e-04   1.2187036e-03
   4.8740475e-02  -3.6936292e-02   1.1815426e-01  -7.7158868e-04   2.2129688e-04   1.2443596e-03
   4.5808613e-02  -6.0462338e-02   2.0102690e-01  -6.4442620e-04   2.6390565e-04   1.4713844e-03
   6.0220270e-02  -3.7635975e-02   1.4069513e-01  -5.3491647e-04   4.9419091e-04   1.4901332e-03
   6.6301685e-02  -6.4308684e-02   2.1404203e-01  -2.7932396e-04   5.5997828e-04   1.8046047e-03
   7.0486024e-02  -4.7798216e-02   1.9700021e-01  -6.6596517e-04   7.9001827e-04   1.5729465e-03
   7.0185204e-02  -6.6188217e-02   2.3117932e-01  -6.6510774e-04   8.6050671e-04   1.8391807e-03
   7.8281377e-02  -5.1444784e-02   1.9965863e-01  -5.9302374e-04   9.7844538e-04   2.0372265e-03
   7.8233908e-02  -5.4490959e-02   2.3934091e-01  -4.4571250e-04   8.4131640e-04   2.0069117e-03
   9.1375105e-02  -5.5481205e-02   2.3057200e-01  -5.9416973e-04   7.9066200e-04   2.3204051e-03
   8.9226796e-02  -6.9859163e-02   2.2222555e-01  -1.0912762e-03   6.9017981e-04   2.2542864e-03
   9.6319635e-02  -6.9032590e-02   2.2070793e-01  -1.2389410e-03   8.5177385e-04   2.3562919e-03
   1.0781841e-01  -7.8396958e-02   2.5760038e-01  -1.1405304e-03   1.0017126e-03   2.5669515e-03
   1.0944411e-01  -4.7842230e-02   2.0476339e-01  -9.3986276e-04   1.0736581e-03   2.6313959e-03
   1.1599774e-01  -7.2466153e-02   2.0820918e-01  -1.4404174e-03   1.1941740e-03   2.9020477e-03
   1.2004890e-01  -6.4870184e-02   2.4515799e-01  -9.0994194e-04   1.1455425e-03   3.0570177e-03
   1.2825114e-01  -5.8519977e-02   2.5200651e-01  -1.0457095e-03   1.2697754e-03   3.1815328e-03
   1.2944743e-01  -5.6005199e-02   2.7133550e-01  -8.9835545e-04   1.4287474e-03   3.2085407e-03
   1.1635950e-01  -6.3321534e-02   2.4975341e-01  -1.3671135e-03   1.4192878e-03   2.8480979e-03
   1.1312450e-01  -6.7836879e-02   2.3022678e-01  -1.3325924e-03   1.4918784e-03   2.8920260e-03
   1.2726084e-01  -5.3433376e-02   2.6053164e-01  -1.1471862e-03   1.5946086e-03   3.0574744e-03
   1.3298733e-01  -5.2655930e-02   3.1006664e-01  -8.9589054e-04   1.5478498e-03   3.2877170e-03
   1.3768393e-01  -6.0213834e-02   2.9654966e-01  -1.1908308e-03   1.5637347e-03   3.4582907e-03
   1.3968782e-01  -6.5403240e-02   3.0780377e-01  -1.1300094e-03   1.7416747e-03   3.4328155e-03
   1.3761404e-01  -8.5715773e-02   3.6132026e-01  -9.0366220e-04   1.4875394e-03   3.7846605e-03
   1.3781571e-01  -5.0231240e-02   3.3684834e-01  -8.4991823e-04   1.7961353e-03   3.4819038e-03
   1.3996840e-01  -6.0106629e-02   3.5517610e-01  -7.7999885e-04   1.5994880e-03   3.6381212e-03
   1.4396364e-01  -9.7229226e-02   3.6655376e-01  -1.1004783e-03   1.7362014e-03   3.6483862e-03
   1.4238830e-01  -6.3841265e-02   3.2517824e-01  -7.7126978e-04   1.7765964e-03   3.7471520e-03
   1.5130114e-01  -7.8652959e-02   3.5873482e-01  -6.7443186e-04   1.7396375e-03   3.8418946e-03
   1.5782036e-01  -8.3614463e-02   3.5119782e-01  -1.2834386e-03   1.8527609e-03   4.1339480e-03
   1.4467775e-01  -1.0102569e-01   3.5822356e-01  -1.6780910e-03   1.8935905e-03   3.8802110e-03
   1.5114599e-01  -5.8464189e-02   3.2214760e-01  -1.2987431e-03   2.2099462e-03   4.0049094e-03
   1.5732247e-01  -1.0091288e-01   4.0823514e-01  -1.2503462e-03   1.8863989e-03   4.1499519e-03
   1.5061472e-01  -1.0112171e-01   3.5729327e-01  -1.0308335e-03   2.0602929e-03   4.1714354e-03
   1.5951606e-01  -1.2116047e-01   3.6230199e-01  -1.5473047e-03   1.8992926e-03   4.2320537e-03
   1.5462724e-01  -1.1664026e-01   3.5559452e-01  -8.9753438e-04   2.1494745e-03   4.3017741e-03
   1.5681768e-01  -1.1244321e-01   3.7961321e-01  -1.1594054e-03   1.9737088e-03   4.3442403e-03
   1.6578736e-01  -1.1833441e-01   3.8675803e-01  -9.8194652e-04   2.3785213e-03   4.5397444e-03
   1.7291780e-01  -1.0330277e-01   3.5445992e-01  -1.4802585e-03   2.2032078e-03   4.6085202e-03
   1.6347225e-01  -9.1457845e-02   3.9424229e-01  -9.1778949e-04   2.2039824e-03   4.4021927e-03
   1.5479531e-01  -6.1920182e-02   3.6012205e-01  -1.1124205e-03   2.2032286e-03   4.2158676e-03
   1.5623237e-01  -8.1990798e-02   4.6153014e-01  -4.3365239e-04   2.1253814e-03   4.3347960e-03
   1.5823554e-01  -7.1339745e-02   3.8242513e-01  -1.1950237e-03   2.2396549e-03   4.3393859e-03
   1.5058521e-01  -8.9417690e-02   4.4234489e-01  -5.2571942e-04   2.1708854e-03   4.1374910e-03
   1.5482809e-01  -5.9900897e-02   3.6701759e-01  -9.3409217e-04   2.2930520e-03   4.1823116e-03
   1.6263934e-01  -8.8058439e-02   4.5577979e-01  -3.4791449e-04   2.2024925e-03   4.4604740e-03
   1.4987145e-01  -8.7978879e-02   3.2452848e-01  -2.1208291e-03   2.1619044e-03   4.1729434e-03
   1.2807808e-01  -9.8504600e-02   4.0645386e-01  -7.9243082e-04   2.3130768e-03   4.1223734e-03
   1.5242366e-01  -6.2360047e-02   3.7770824e-01  -6.8741993e-04   2.8650496e-03   4.5443990e-03
   1.5944807e-01  -9.9095428e-02   4.7159406e-01  -3.4342990e-04   2.8197689e-03   4.7024136e-03
   1.8935308e-01  -6.3073765e-02   3.7821348e-01  -1.0793969e-03   3.0444968e-03   4.9524032e-03
   1.7454815e-01  -1.0328678e-01   4.5485235e-01  -6.0251980e-04   2.4949868e-03   5.0763100e-03
   1.6870752e-01  -5.2510498e-02   3.6707501e-01  -3.8862784e-04   3.0709373e-03   4.8433114e-03
   1.9206611e-01  -8.6697662e-02   4.6913897e-01  -1.2346559e-04   2.7739644e-03   5.2880520e-03
   1.8293586e-01  -5.9515768e-02   4.0298583e-01  -1.4099930e-04   3.2427693e-03   5.2170388e-03
   1.8711597e-01  -1.1052675e-01   4.7886318e-01  -1.4523903e-04   2.8532092e-03   5.2388904e-03
   1.7643702e-01  -7.2505914e-02   4.0193137e-01  -3.1432057e-04   3.0239929e-03   5.1980991e-03
   1.9116939e-01  -1.2299192e-01   4.8649585e-01  -2.6810792e-04   2.7404595e-03   5.6598653e-03
   1.9614747e-01  -8.1899074e-02   4.1049266e-01  -3.6947671e-04   3.2008634e-03   5.6216830e-03
   2.0176175e-01  -1.2475097e-01   4.6856622e-01  -4.8424229e-04   3.0729104e-03   5.7492222e-03
   1.9891826e-01  -7.9101905e-02   4.1813556e-01  -1.4231586e-04   3.1787185e-03   5.7027464e-03
   2.0079117e-01  -1.0747210e-01   4.9260214e-01  -2.6434203e-05   2.9257413e-03   5.7769302e-03
   2.1272444e-01  -8.9409865e-02   4.5797294e-01   1.1033636e-04   3.3479985e-03   5.8689393e-03
   2.0424681e-01  -1.1010231e-01   4.4909265e-01  -1.1778912e-04   2.8898514e-03   5.7994079e-03
   2.0513104e-01  -1.1265933e-01   4.3159845e-01  -1.4857735e-04   3.0599066e-03   5.7593895e-03
   2.1404247e-01  -7.6320370e-02   4.3496990e-01  -1.6810405e-06   3.2140567e-03   5.8973074e-03
   2.1710671e-01  -1.0668782e-01   5.0881516e-01   2.1815633e-04   3.0571880e-03   6.1290492e-03
   2.1454445e-01  -9.9413969e-02   4.6484085e-01  -2.0732322e-04   3.1983617e-03   6.0249225e-03
   2.1435526e-01  -9.7912124e-02   4.5664476e-01  -8.4761415e-05   3.4265297e-03   6.0139451e-03
   2.1576216e-01  -8.3021538e-02   4.8150701e-01  -2.0974390e-05   3.2196166e-03   6.1101614e-03
   2.2187898e-01  -8.2246755e-02   4.8705031e-01   5.0103672e-05   3.2394506e-03   6.3525146e-03
   2.2521737e-01  -6.0365381e-02   4.0553506e-01  -6.4904672e-04   3.0993139e-03   6.2146267e-03
   2.1693767e-01  -7.2352547e-02   4.6692293e-01   1.0685027e-04   3.0907138e-03   6.2518754e-03
   2.3100332e-01  -8.1252420e-02   4.4713614e-01  -4.6648469e-04   3.0552381e-03   6.3385604e-03
   2.4033429e-01  -8.4145179e-02   5.1294975e-01   8.0467468e-05   3.1494203e-03   6.5337134e-03
   2.4597425e-01  -6.7865611e-02   4.6616475e-01  -2.8695247e-04   3.3216297e-03   6.5356961e-03
   2.4168902e-01  -6.2445808e-02   4.7183669e-01   7.3143845e-05   3.0447180e-03   6.4736139e-03
   2.5321787e-01  -5.8438367e-02   4.8958484e-01   1.1461869e-04   3.2795398e-03   6.5350082e-03
   2.5377680e-01  -5.8882868e-02   5.2169082e-01   2.6505340e-04   3.1971141e-03   6.6293703e-03
   2.5972562e-01  -5.7752334e-02   5.1145438e-01   1.8124595e-04   3.1481930e-03   6.7617357e-03
   2.5994088e-01  -7.1484681e-02   5.2218868e-01   1.0113847e-04   3.2038166e-03   6.8143136e-03
   2.6753354e-01  -5.1970303e-02   4.9768731e-01   4.8134641e-07   3.3331781e-03   6.9988659e-03
   2.6902663e-01  -8.4027351e-02   5.7036986e-01   2.7081746e-04   3.2643581e-03   7.2117319e-03
   2.7899179e-01  -5.2344255e-02   4.6250928e-01   6.8629300e-05   3.6425667e-03   7.2503690e-03
   2.6749159e-01  -9.5372906e-02   5.1586416e-01  -3.1896686e-04   3.0694950e-03   7.2196600e-03
   2.7580469e-01  -8.5790313e-02   4.7054088e-01  -1.8226214e-04   3.3050663e-03   7.2056367e-03
   2.8146953e-01  -8.1127460e-02   4.9820146e-01   2.6546626e-05   3.1744906e-03   7.3300042e-03
   2.9043958e-01  -9.8420979e-02   5.3133309e-01   5.4153678e-04   3.3921654e-03   7.4158097e-03
   2.6457494e-01  -1.1308687e-01   5.0543002e-01  -1.6982266e-04   3.0056937e-03   7.0834728e-03
   2.4693619e-01  -1.2091102e-01   4.4687299e-01   8.2948602e-07   3.2053623e-03   7.0156056e-03
   2.5115439e-01  -1.1386701e-01   4.2615083e-01   5.9576285e-04   3.6230564e-03   7.1795258e-03
   2.6762054e-01  -1.0424343e-01   4.5839398e-01   6.4282594e-04   3.7603254e-03   7.3025167e-03
   2.6980994e-01  -1.3640338e-01   4.6197202e-01   6.6064568e-04   3.5390952e-03   7.5412933e-03
   2.7342366e-01  -1.2863085e-01   4.3885803e-01   8.1312668e-04   3.5778782e-03   7.2751714e-03
   2.7533311e-01  -1.4380660e-01   4.8144130e-01   8.9145030e-04   3.5013791e-03   7.4602693e-03
   2.7601063e-01  -1.4004353e-01   4.6206461e-01   7.4998907e-04   3.8539982e-03   7.6377374e-03
   2.7782994e-01  -1.4153189e-01   4.0914754e-01   8.4753557e-05   3.3632188e-03   7.6021518e-03
   2.7836833e-01  -1.4441877e-01   4.5467733e-01   8.2136255e-04   3.4450133e-03   7.7576996e-03
   2.8217260e-01  -1.3524422e-01   4.5526421e-01   8.9353367e-04   3.4341252e-03   7.5715358e-03
   2.8164323e-01  -1.4939273e-01   5.2358011e-01   1.2772395e-03   3.4042913e-03   7.5367859e-03
   2.8917159e-01  -1.3699123e-01   5.0129685e-01   1.3088004e-03   3.6079760e-03   7.6687738e-03
   2.7915002e-01  -1.4620073e-01   5.0700122e-01   1.1635588e-03   3.5250787e-03   7.3776867e-03
   2.7814483e-01  -1.3566263e-01   4.8346248e-01   1.2517276e-03   3.4528552e-03   7.5279575e-03
   2.9540568e-01  -1.4883250e-01   5.1728714e-01   1.4739825e-03   3.6481652e-03   7.8069937e-03
   3.0289783e-01  -1.5390413e-01   5.2839343e-01   1.6026599e-03   3.5250900e-03   7.8935619e-03
   2.6593811e-01  -1.2348159e-01   4.4800631e-01   1.6200620e-03   3.4940137e-03   7.3458395e-03
   2.6149717e-01  -9.5165113e-02   3.8461905e-01   1.9588767e-03   3.6288792e-03   7.4455289e-03
   2.6800870e-01  -1.2397359e-01   5.1051067e-01   2.1569344e-03   3.4386671e-03   7.7375080e-03
   2.7760750e-01  -1.2023852e-01   4.3734774e-01   2.0932629e-03   3.7916115e-03   7.9327418e-03
   2.7778941e-01  -1.7130735e-01   5.0394318e-01   1.5177299e-03   3.5766276e-03   7.8844864e-03
   2.7561092e-01  -1.5529231e-01   4.8317727e-01   2.0591470e-03   3.5946966e-03   7.8522531e-03
   2.9358834e-01  -1.6885231e-01   5.1292500e-01   2.0020416e-03   3.5821190e-03   8.0999018e-03
   2.9408598e-01  -1.4241196e-01   4.8785357e-01   2.3747410e-03   3.8816904e-03   8.1857845e-03
   2.8340325e-01  -1.7267126e-01   4.9777444e-01   2.0195745e-03   3.5135993e-03   8.1519805e-03
   2.8818109e-01  -1.6042262e-01   4.8525028e-01   2.2491685e-03   3.6917229e-03   7.9409117e-03
   2.9347473e-01  -1.7468703e-01   5.3071954e-01   2.3442645e-03   3.4596527e-03   8.2003544e-03
   2.9430427e-01  -1.4328347e-01   5.0300354e-01   2.4476402e-03   3.6697315e-03   8.0967860e-03
   2.8852886e-01  -1.4398968e-01   5.1613403e-01   2.4517181e-03   3.6564143e-03   8.1437640e-03
   2.9177215e-01  -1.6501846e-01   5.1126890e-01   2.2784401e-03   3.6921677e-03   8.1364587e-03
   2.9745141e-01  -1.5577402e-01   5.3020100e-01   2.4235907e-03   3.6461425e-03   8.2439338e-03
   3.1388106e-01  -1.5415094e-01   5.4930710e-01   2.6732237e-03   4.0616001e-03   8.5712708e-03
   3.1071662e-01  -1.6130542e-01   5.2549401e-01   2.1658029e-03   3.3561060e-03   8.5336696e-03
   3.0100269e-01  -1.6056903e-01   5.1489940e-01   2.1754526e-03   3.4980752e-03   8.4432143e-03
   2.9739330e-01  -1.3487038e-01   5.0903846e-01   2.3141937e-03   3.7383164e-03   8.4597445e-03
   2.9336022e-01  -1.5509612e-01   5.1100364e-01   2.5238609e-03   3.4360240e-03   8.4830749e-03
   2.9816947e-01  -1.3380609e-01   5.0069893e-01   2.5981386e-03   3.8763951e-03   8.5231068e-03
   2.9911777e-01  -1.4763335e-01   5.1834287e-01   2.7401841e-03   3.6594753e-03   8.5636730e-03
   3.1118957e-01  -1.3856322e-01   5.0721410e-01   2.8836703e-03   3.8170978e-03   8.6577938e-03
   3.0821651e-01  -1.3953087e-01   5.4063393e-01   3.2108427e-03   3.7380277e-03   8.6829751e-03
   3.1797273e-01  -1.5001909e-01   5.3775286e-01   2.9087628e-03   3.7925991e-03   8.9559196e-03
   3.1972586e-01  -1.7425907e-01   5.4150665e-01   2.7183581e-03   3.5475428e-03   9.0766514e-03
   3.2036708e-01  -1.3757128e-01   5.0891320e-01   2.8738478e-03   3.8539354e-03   8.9061060e-03
   3.2770101e-01  -1.4255241e-01   5.3441213e-01   3.0586803e-03   3.9454873e-03   9.0834372e-03
   3.4068347e-01  -1.3187539e-01   5.4427129e-01   3.1187157e-03   3.9619801e-03   9.0418139e-03
   3.3833789e-01  -1.5064354e-01   5.6646609e-01   3.3221312e-03   3.9677887e-03   9.0945838e-03
   3.3913911e-01  -1.4505798e-01   5.3717368e-01   3.2147483e-03   4.2013524e-03   8.9596059e-03
   3.4068789e-01  -1.5298561e-01   5.6626029e-01   3.3744086e-03   4.3366794e-03   9.0694139e-03
   3.4791710e-01  -1.3271914e-01   5.3493225e-01   3.2884018e-03   4.2991382e-03   9.2179468e-03
   3.4276779e-01  -1.3331529e-01   5.4583489e-01   3.3663551e-03   4.1328180e-03   9.1676879e-03
   3.4045027e-01  -1.2533501e-01   5.0892851e-01   3.4934846e-03   4.2682171e-03   9.2242653e-03
   3.5003948e-01  -1.5437701e-01   5.6724785e-01   3.1947829e-03   4.1020532e-03   9.3202747e-03
   3.6009295e-01  -1.4918889e-01   5.4516722e-01   3.3622166e-03   4.4985299e-03   9.6296156e-03
   3.5572874e-01  -1.6504227e-01   5.1838158e-01   2.7647135e-03   4.0721139e-03   9.4430466e-03
   3.4526165e-01  -1.8763800e-01   5.5696122e-01   3.2818685e-03   3.8651295e-03   9.4967790e-03
   3.6227542e-01  -1.7346768e-01   5.1709474e-01   2.6296345e-03   4.0173626e-03   9.7425267e-03
   3.6541965e-01  -1.9007123e-01   5.8757000e-01   3.2884242e-03   4.2774134e-03   9.6540545e-03
   3.7316387e-01  -1.4007361e-01   5.1824783e-01   3.5197997e-03   4.3312280e-03   9.7513590e-03
   3.6750814e-01  -1.7718235e-01   5.7203874e-01   3.2249438e-03   4.0874037e-03   9.8575572e-03
   3.6551247e-01  -1.6891988e-01   5.1256975e-01   3.1755958e-03   4.4923497e-03   9.7390154e-03
   3.6765697e-01  -1.7928825e-01   5.7163711e-01   3.3265681e-03   4.3575230e-03   9.9766321e-03
   3.7090959e-01  -1.8179851e-01   5.4345551e-01   3.3662164e-03   4.5855784e-03   1.0011733e-02
   3.7044340e-01  -1.6662006e-01   5.4535169e-01   3.5226408e-03   4.4856509e-03   9.9547080e-03
   3.7642459e-01  -1.4521554e-01   5.3596638e-01   3.5863498e-03   4.6282727e-03   9.9793310e-03
   3.7707414e-01  -1.6551858e-01   5.8424106e-01   3.4797800e-03   4.6607100e-03   9.9420618e-03
   3.7755563e-01  -2.0690198e-01   6.0562862e-01   3.4551959e-03   4.4910679e-03   1.0167452e-02
   3.8324059e-01  -1.9158398e-01   5.5824336e-01   3.2791144e-03   4.5737639e-03   9.9334321e-03
   3.8576058e-01  -1.9649227e-01   5.6764127e-01   3.4135373e-03   4.6129334e-03   1.0179896e-02
   3.8810890e-01  -2.0107260e-01   5.9177202e-01   3.2461670e-03   4.4462116e-03   1.0049137e-02
   3.8459365e-01  -1.8969152e-01   5.7105345e-01   3.9741727e-03   4.7149603e-03   1.0078311e-02
   3.8553093e-01  -1.8736354e-01   5.3103917e-01   3.4821577e-03   4.6219839e-03   9.9515649e-03
   3.7396141e-01  -2.0756393e-01   5.6461264e-01   3.8364891e-03   4.7927363e-03   1.0068711e-02
   3.8643531e-01  -1.9369286e-01   5.1423527e-01   3.4918484e-03   4.7910732e-03   1.0063465e-02
   3.9171413e-01  -2.2749996e-01   5.7450225e-01   3.6114003e-03   4.5159571e-03   1.0138115e-02
   3.8936599e-01  -2.0369361e-01   5.2040251e-01   3.7042184e-03   4.8930047e-03   1.0193952e-02
   3.8203176e-01  -2.1475869e-01   5.6935635e-01   4.1368485e-03   4.6294808e-03   1.0044343e-02
   3.8853822e-01  -1.8854290e-01   5.5250505e-01   4.1393927e-03   4.9586715e-03   1.0323594e-02
   3.8869660e-01  -2.0982368e-01   6.0814962e-01   4.5217711e-03   4.6515698e-03   1.0211270e-02
   3.9720376e-01  -2.1212029e-01   5.4942179e-01   3.8338458e-03   4.6476237e-03   1.0503058e-02
   3.9343552e-01  -2.3143688e-01   6.0208086e-01   4.1427429e-03   4.6498527e-03   1.0320520e-02
   3.9924232e-01  -1.8794660e-01   5.2405471e-01   3.9373111e-03   4.9022793e-03   1.0472290e-02
   3.9656862e-01  -2.1772250e-01   5.9644794e-01   4.2528834e-03   4.8002315e-03   1.0466599e-02
   4.0400432e-01  -1.7308732e-01   5.2723864e-01   4.0625883e-03   5.0527410e-03   1.0542854e-02
   4.0248629e-01  -2.2967900e-01   5.8385315e-01   4.0894070e-03   4.7741611e-03   1.0430817e-02
   4.0709738e-01  -1.7531062e-01   4.9484091e-01   3.8115851e-03   4.9224780e-03   1.0449743e-02
   4.0780461e-01  -1.9936378e-01   5.8921410e-01   4.4050753e-03   4.7881220e-03   1.0439061e-02
   4.1089080e-01  -1.4957057e-01   5.0913563e-01   4.1379672e-03   4.9370149e-03   1.0379221e-02
   4.0836927e-01  -2.1480124e-01   6.0282682e-01   3.9537375e-03   4.4978370e-03   1.0626058e-02
   4.0350840e-01  -1.6461566e-01   5.2746181e-01   4.0837202e-03   4.9682207e-03   1.0423151e-02
   4.0505916e-01  -1.8996064e-01   6.0537634e-01   4.2133659e-03   4.7186521e-03   1.0534568e-02
   4.0494752e-01  -1.7028078e-01   5.3398261e-01   4.0842563e-03   4.7780028e-03   1.0636171e-02
   3.9961097e-01  -1.9963720e-01   5.8555894e-01   4.0767353e-03   4.5461817e-03   1.0583706e-02
   4.0498133e-01  -1.7926305e-01   5.1810889e-01   4.2399454e-03   5.3104861e-03   1.0505073e-02
   4.1355111e-01  -1.9956137e-01   5.8530698e-01   4.2173077e-03   4.9840631e-03   1.0629869e-02
   4.1114192e-01  -1.7588923e-01   5.3543037e-01   4.3687716e-03   5.3474202e-03   1.0595629e-02
   4.1346026e-01  -1.9485678e-01   5.8894877e-01   4.2378545e-03   4.9879731e-03   1.0678383e-02
   4.1276735e-01  -1.9908301e-01   5.5919853e-01   4.4680526e-03   5.1291722e-03   1.0632085e-02
   4.2134927e-01  -1.8824924e-01   5.6214355e-01   4.4607306e-03   5.3678105e-03   1.0693936e-02
   4.1619539e-01  -2.4057672e-01   6.3213977e-01   4.6488698e-03   5.1420413e-03   1.0718325e-02
   4.2974189e-01  -2.0061726e-01   5.4160219e-01   4.1857779e-03   5.4439967e-03   1.0878851e-02
   4.1038710e-01  -2.3639356e-01   6.1866107e-01   4.7595664e-03   4.9239720e-03   1.0597009e-02
   4.1432350e-01  -1.5149103e-01   4.9494658e-01   4.5271135e-03   5.3972631e-03   1.0510418e-02
   4.0670726e-01  -2.0817873e-01   6.1472999e-01   5.2210081e-03   4.9765310e-03   1.0501893e-02
   4.1136035e-01  -1.6413995e-01   5.1062441e-01   4.2324207e-03   5.1477689e-03   1.0607469e-02
   4.0341330e-01  -2.0274320e-01   6.3096542e-01   5.0341196e-03   4.8655364e-03   1.0466580e-02
   4.2110293e-01  -1.5134785e-01   4.9253010e-01   4.4672743e-03   5.5232007e-03   1.0518013e-02
   4.1616197e-01  -2.3465764e-01   6.5350261e-01   4.9551710e-03   4.9936648e-03   1.0437354e-02
   4.2432420e-01  -1.7537903e-01   5.1431552e-01   4.6735444e-03   5.4609912e-03   1.0549264e-02
   4.1728874e-01  -2.3241113e-01   6.5742846e-01   4.9799451e-03   4.8684464e-03   1.0668946e-02
   4.2639235e-01  -1.7192570e-01   5.0207461e-01   4.6494887e-03   5.3928028e-03   1.0601340e-02
   4.3212010e-01  -2.3011279e-01   6.4896349e-01   5.0662914e-03   4.9343669e-03   1.0706261e-02
   4.3386509e-01  -2.0132725e-01   5.3961267e-01   4.7296290e-03   5.3043140e-03   1.0656732e-02
   4.2268948e-01  -2.4666856e-01   6.5793949e-01   4.8045495e-03   4.8680962e-03   1.0641710e-02
   4.2643476e-01  -1.9838507e-01   5.5305134e-01   5.2298596e-03   5.3921055e-03   1.0458442e-02
   4.2851808e-01  -2.1955297e-01   6.3761812e-01   5.4017018e-03   5.0973521e-03   1.0594364e-02
   4.3630531e-01  -2.1806940e-01   5.7646717e-01   5.4321784e-03   5.4378333e-03   1.0777807e-02
   4.2441564e-01  -2.4996773e-01   6.0243593e-01   4.9847842e-03   4.7370952e-03   1.0771845e-02
   4.0262828e-01  -2.3694339e-01   5.2284906e-01   5.6889422e-03   5.1718405e-03   1.0636800e-02
   4.0305729e-01  -2.1611664e-01   5.1643479e-01   6.0402722e-03   5.1409705e-03   1.0780892e-02
   4.1276515e-01  -2.4008033e-01   5.4985593e-01   6.1385813e-03   5.0974527e-03   1.0936803e-02
   4.1079865e-01  -2.2697815e-01   5.1909832e-01   5.8664093e-03   5.4063759e-03   1.0908419e-02
   4.0173515e-01  -2.4570430e-01   5.4576495e-01   6.2577198e-03   4.9868977e-03   1.0658066e-02
   4.1776571e-01  -1.9928113e-01   4.8718740e-01   6.2944861e-03   5.5884213e-03   1.0773200e-02
   4.0946551e-01  -2.6235160e-01   5.6904183e-01   6.3934065e-03   5.0963928e-03   1.0761002e-02
   4.1928843e-01  -2.1731088e-01   4.8379539e-01   6.2502361e-03   5.3959803e-03   1.0860575e-02
   4.1881167e-01  -2.8297161e-01   5.7088368e-01   5.9562697e-03   4.9689836e-03   1.0923993e-02
   4.3127783e-01  -2.3082069e-01   4.6897361e-01   5.6407273e-03   5.2609352e-03   1.1040089e-02
   4.3577485e-01  -2.6788666e-01   5.9136180e-01   6.6184647e-03   5.1210259e-03   1.1132219e-02
   4.3552828e-01  -2.1800587e-01   4.6202379e-01   6.0799042e-03   5.6518542e-03   1.1033253e-02
   4.2664920e-01  -2.7341093e-01   5.9448777e-01   6.6014422e-03   5.0613683e-03   1.1034868e-02
   4.3295857e-01  -2.1061206e-01   4.5986261e-01   6.2712323e-03   5.5201294e-03   1.1001883e-02
   4.2309861e-01  -2.6506336e-01   6.0106968e-01   6.8746203e-03   5.1683769e-03   1.0906037e-02
   4.2767322e-01  -2.1693989e-01   4.7446003e-01   6.3028115e-03   5.4288856e-03   1.1019623e-02
   4.1992086e-01  -2.6810957e-01   6.0089362e-01   6.5724880e-03   4.8594956e-03   1.0943591e-02
   4.2873493e-01  -2.3688580e-01   5.0565094e-01   6.6009600e-03   5.3803856e-03   1.0954092e-02
   4.3187629e-01  -2.7687156e-01   6.0126952e-01   6.6620378e-03   4.9271899e-03   1.1039923e-02
   4.3089582e-01  -2.4956699e-01   5.3227076e-01   6.6569975e-03   5.3073591e-03   1.1018311e-02
   4.3065686e-01  -2.6074388e-01   5.7543038e-01   6.7391229e-03   5.1008732e-03   1.1066703e-02
   4.2615790e-01  -2.3579649e-01   5.2755505e-01   6.9197029e-03   5.2964771e-03   1.1017965e-02
   4.3026856e-01  -2.3801668e-01   5.8130479e-01   7.0140672e-03   5.2440221e-03   1.1138061e-02
   4.3273868e-01  -2.5041175e-01   5.6685622e-01   7.4074703e-03   5.3576617e-03   1.1195520e-02
   4.3490175e-01  -2.5374138e-01   5.4822936e-01   6.8903862e-03   5.1319588e-03   1.1294870e-02
   4.3590118e-01  -2.5466740e-01   5.5773672e-01   7.2914068e-03   5.3214748e-03   1.1246386e-02
   4.4326259e-01  -2.0490351e-01   5.1008400e-01   6.9824883e-03   5.5679651e-03   1.1175054e-02
   4.4049876e-01  -2.3462296e-01   6.0306078e-01   7.6745667e-03   5.3310019e-03   1.1253878e-02
   4.4132772e-01  -2.1514849e-01   5.1833360e-01   6.9551408e-03   5.2658906e-03   1.1463208e-02
   4.4098055e-01  -2.4502439e-01   5.8918140e-01   7.3695515e-03   5.1680441e-03   1.1347365e-02
   4.5228611e-01  -1.8704178e-01   5.0721223e-01   7.3460414e-03   5.5102891e-03   1.1354514e-02
   4.5386194e-01  -2.4543884e-01   6.4626643e-01   7.8327713e-03   5.1474339e-03   1.1595407e-02
   4.5705932e-01  -2.0520706e-01   4.9521972e-01   7.2033051e-03   5.3654707e-03   1.1706840e-02
   4.5625690e-01  -2.6935797e-01   6.2863845e-01   7.4059868e-03   5.0553442e-03   1.1524932e-02
   4.6589281e-01  -1.9132976e-01   4.8225318e-01   7.1678594e-03   5.4303483e-03   1.1512833e-02
   4.5711663e-01  -2.7010230e-01   6.5923496e-01   7.7348336e-03   5.0233265e-03   1.1442224e-02
   4.6177598e-01  -1.7894536e-01   4.6551534e-01   7.4862989e-03   5.7201229e-03   1.1619249e-02
   4.4843969e-01  -2.3987110e-01   6.5090076e-01   7.6926258e-03   4.9890147e-03   1.1446037e-02
   4.4977298e-01  -1.9092758e-01   4.8036982e-01   7.4849762e-03   5.5939820e-03   1.1476342e-02
   4.4615629e-01  -2.3969239e-01   6.2919488e-01   7.6058559e-03   5.1894299e-03   1.1544101e-02
   4.5393121e-01  -2.0499970e-01   5.0736182e-01   7.6795535e-03   5.7405864e-03   1.1623743e-02
   4.4365136e-01  -2.3491764e-01   5.8939537e-01   7.8073514e-03   5.2845533e-03   1.1510136e-02
   4.4947635e-01  -2.0876453e-01   4.6835054e-01   7.9178626e-03   5.8423546e-03   1.1586295e-02
   4.5277325e-01  -2.2935084e-01   5.6272041e-01   7.9277650e-03   5.6858419e-03   1.1655875e-02
   4.5911807e-01  -2.4878716e-01   5.2961754e-01   8.0541651e-03   5.6652997e-03   1.1924287e-02
   4.6143743e-01  -2.8193537e-01   5.6083687e-01   7.0610119e-03   5.2862824e-03   1.1891854e-02
   4.5864083e-01  -2.6714561e-01   5.3076950e-01   8.1065459e-03   5.6731287e-03   1.1910037e-02
   4.7307751e-01  -2.4684856e-01   5.2815927e-01   7.7248602e-03   5.8024509e-03   1.2044706e-02
   4.6921200e-01  -2.9437040e-01   5.7604727e-01   8.0362450e-03   5.6256748e-03   1.2026324e-02
   4.7446224e-01  -2.7510695e-01   5.1053290e-01   7.4058351e-03   5.6811281e-03   1.1937171e-02
   4.7078568e-01  -2.9055664e-01   5.7135285e-01   8.3312227e-03   5.8056255e-03   1.1969163e-02
   4.7834088e-01  -2.4521614e-01   5.1507290e-01   7.8580307e-03   5.7478741e-03   1.2014931e-02
   4.7690835e-01  -3.0562271e-01   6.0293342e-01   8.2303176e-03   5.5992485e-03   1.2358879e-02
   4.6860317e-01  -2.5812873e-01   4.9012118e-01   7.7011802e-03   5.5684712e-03   1.2124469e-02
   4.5995288e-01  -2.8018024e-01   5.5769781e-01   8.2567713e-03   5.6645206e-03   1.2135593e-02
   4.6708329e-01  -2.4762252e-01   4.9748514e-01   8.2379144e-03   5.7828899e-03   1.2040736e-02
   4.5844781e-01  -2.9469454e-01   6.1035180e-01   8.6892393e-03   5.8724896e-03   1.2000406e-02
   4.6355795e-01  -2.6707839e-01   5.2625913e-01   7.9430632e-03   5.7647382e-03   1.2171587e-02
   4.5789474e-01  -3.2582805e-01   6.1736995e-01   8.5108405e-03   5.4806241e-03   1.2121132e-02
   4.7049514e-01  -2.6685889e-01   4.9074027e-01   8.1666921e-03   5.8883920e-03   1.1958805e-02
   4.6504857e-01  -3.3264729e-01   6.5859569e-01   8.9091445e-03   5.6838674e-03   1.2008936e-02
   4.7989100e-01  -2.8999433e-01   4.9708692e-01   8.3465435e-03   6.0852358e-03   1.2192905e-02
   4.6154346e-01  -3.3383703e-01   5.7257655e-01   8.6063106e-03   5.7375796e-03   1.1970404e-02
   4.6693519e-01  -2.6153103e-01   4.6065899e-01   8.6328988e-03   5.8876374e-03   1.1931824e-02
   4.5982087e-01  -3.1113295e-01   5.8586007e-01   8.7505510e-03   5.5994293e-03   1.2052218e-02
   4.6821996e-01  -2.9383309e-01   4.8524343e-01   8.8787713e-03   5.9714356e-03   1.2037117e-02
   4.7342576e-01  -2.9638350e-01   5.6139713e-01   9.5284141e-03   5.7774935e-03   1.2283875e-02
   4.6948692e-01  -2.8856384e-01   5.0371006e-01   9.1376591e-03   5.9766197e-03   1.2093791e-02
   4.6649288e-01  -3.0040326e-01   5.7601758e-01   9.6117619e-03   5.4565916e-03   1.2259862e-02
   4.8022805e-01  -2.4866352e-01   4.7560202e-01   9.5495245e-03   5.9956500e-03   1.2185224e-02
   4.7955854e-01  -2.6725998e-01   5.6486682e-01   9.7654463e-03   5.6124259e-03   1.2200635e-02
   4.8659437e-01  -2.1479823e-01   4.8312245e-01   9.8451557e-03   6.0350789e-03   1.2074482e-02
   4.9325526e-01  -2.5815669e-01   6.0728047e-01   9.7629666e-03   5.5604504e-03   1.2134591e-02
   5.0670492e-01  -2.1070747e-01   5.1757797e-01   9.9959184e-03   6.1591985e-03   1.2183153e-02
   5.0151598e-01  -2.3293707e-01   6.0537896e-01   1.0183579e-02   5.8584294e-03   1.2055409e-02
   4.9969199e-01  -2.1788081e-01   5.1702368e-01   9.9975773e-03   6.2393876e-03   1.1979297e-02
