  -1.4210855e-14   0.0000000e+00  -7.1054274e-15  -3.1861838e-58   3.7615819e-37   0.0000000e+00
   6.4335815e-04   1.4228776e-03  -4.4576558e-02  -3.7880587e-04   2.5186865e-04  -7.0991724e-05
   1.4340625e-03   3.6748212e-02  -1.2853371e-02  -3.4982045e-04   1.3356231e-04  -1.6279389e-04
   1.2764074e-02   1.4126129e-02  -8.1552875e-02  -6.3089798e-04   2.0155258e-04  -1.6624960e-04
   1.4967844e-02   2.4986279e-02  -3.5489706e-02  -7.6218203e-04   1.6104496e-04   4.2610274e-05
   6.2510834e-03   3.1211193e-02  -1.3127908e-01  -3.6016402e-04   2.6063649e-04  -1.5507942e-04
   2.5779366e-02  -1.8482863e-02   1.1639345e-02  -1.9149801e-03   9.1701467e-04  -4.8039444e-04
   5.2650804e-02   1.9324569e-03   2.1129488e-01  -1.0596592e-03   6.4125363e-04   1.0879065e-06
   5.7273052e-02  -2.8998538e-03   1.5384569e-01  -1.3312498e-03   9.3351709e-04  -1.4913309e-04
   4.3943181e-02   1.9071617e-02   1.3061771e-01  -1.2131377e-03   9.1052820e-04  -2.3805354e-04
   4.4599803e-02   2.8182411e-03   1.1210136e-01  -1.6360185e-03   7.2170407e-04  -3.1905026e-04
   6.0303729e-02  -2.5251758e-02   1.7445244e-01  -1.7819727e-03   1.8498627e-03  -4.3233938e-04
   7.2329555e-02  -3.6766158e-02   1.7190615e-01  -2.6749167e-03   1.8301921e-03  -1.9040401e-04
   6.4412515e-02  -2.1051573e-02   1.5932749e-01  -2.4871870e-03   1.6417810e-03  -3.2719062e-04
   6.9689516e-02  -4.0527155e-02   1.7749514e-01  -2.7777500e-03   1.5679363e-03  -5.0040867e-04
   7.5285519e-02  -6.9536056e-02   1.9866309e-01  -3.0575455e-03   1.5994952e-03  -9.7433494e-05
   9.1816372e-02  -5.6175476e-02   1.4850104e-01  -3.2011459e-03   1.8366279e-03  -2.1805005e-04
   8.1598926e-02  -7.7555948e-02   1.5154937e-01  -3.1681854e-03   1.6005082e-03  -4.0743063e-04
   8.9741786e-02  -7.1903596e-02   1.2720987e-01  -3.1861898e-03   1.7209407e-03  -4.7312463e-04
   8.9852874e-02  -6.6557927e-02   1.3333519e-01  -2.9748261e-03   1.4173313e-03  -5.0168014e-04
   1.0294438e-01  -1.1215338e-01   2.0085068e-01  -3.3931458e-03   1.4434170e-03  -1.8261651e-04
   1.0011786e-01  -8.8982262e-02   1.0374903e-01  -3.3791563e-03   1.7769087e-03  -4.2105438e-04
   8.9076977e-02  -5.7801040e-02   8.6200656e-02  -2.9795269e-03   1.4093681e-03  -7.0596620e-04
   9.5858591e-02  -1.2071816e-01   1.4149334e-01  -3.6867355e-03   1.7737950e-03  -7.2590017e-04
   1.2334040e-01  -1.1657412e-01   1.2734569e-01  -3.7706345e-03   2.5825843e-03  -6.8065174e-04
   1.2082966e-01  -9.4186142e-02   1.0498532e-01  -3.6128642e-03   2.3241592e-03  -5.8841160e-04
   1.1056613e-01  -7.9457817e-02   9.5929360e-02  -3.3838365e-03   2.3195767e-03  -7.0392176e-04
   1.1233902e-01  -1.1883739e-01   1.0481729e-01  -3.6337356e-03   2.0633707e-03  -5.5600084e-04
   1.3266775e-01  -1.2757970e-01   1.0102628e-01  -3.7603639e-03   2.5746201e-03  -3.1696995e-04
   1.2992132e-01  -1.0636804e-01   9.9342243e-02  -3.9557161e-03   2.9056478e-03  -4.7908285e-04
   1.2809426e-01  -9.6979660e-02   9.8975502e-02  -3.8304683e-03   2.6432857e-03  -6.6932520e-04
   1.3065278e-01  -1.1818504e-01   8.7789210e-02  -4.0352422e-03   2.6431789e-03  -7.6288259e-04
   1.5273245e-01  -1.3780749e-01   9.5737959e-02  -4.2025688e-03   2.9252402e-03  -4.0768914e-04
   1.4952607e-01  -1.4538916e-01   1.1101562e-01  -4.9436950e-03   3.2043277e-03  -3.2369144e-04
   1.5145351e-01  -1.1255335e-01   7.7402046e-02  -4.8677875e-03   3.4272730e-03  -4.7650676e-04
   1.4191001e-01  -1.2188726e-01   1.1019152e-01  -4.3747901e-03   3.2336039e-03  -6.5308409e-04
   1.5995020e-01  -9.5585087e-02   7.2786275e-02  -4.0962353e-03   3.8285471e-03  -4.3100591e-04
   1.4627335e-01  -2.2793728e-01   1.4606132e-01  -5.0268582e-03   3.2446364e-03  -5.5223740e-04
   1.5029738e-01  -1.3106855e-01   6.1297432e-02  -4.2321928e-03   3.5930310e-03  -1.9510863e-04
   1.5712149e-01  -1.1483806e-01   1.1622434e-01  -3.8556587e-03   3.3726254e-03  -2.7353186e-04
   1.5832082e-01  -1.3180775e-01   6.0148191e-02  -4.1103332e-03   3.6475047e-03  -2.4085315e-04
   1.5691229e-01  -1.4874045e-01   8.3070435e-02  -4.3840455e-03   3.5153041e-03  -2.5393596e-04
   1.5012195e-01  -1.4549636e-01   1.0010018e-01  -4.3981335e-03   3.1375825e-03  -3.5821738e-04
   1.4878865e-01  -1.5648351e-01   1.0627322e-01  -4.1390022e-03   3.3669544e-03  -4.8060645e-04
   1.6258019e-01  -1.4160365e-01   7.8826065e-02  -4.0070928e-03   3.3678424e-03  -2.2037924e-04
   1.6270437e-01  -1.6919169e-01   6.0357801e-02  -4.7009773e-03   3.2730779e-03  -2.4990260e-04
   1.6614161e-01  -1.4905042e-01   8.6038837e-02  -4.6804927e-03   3.4599984e-03  -7.6947180e-05
   1.7106203e-01  -1.5082615e-01   6.4794232e-02  -4.5894383e-03   3.7838160e-03  -3.1743888e-04
   1.7363622e-01  -1.5740282e-01   1.1835912e-01  -4.5743464e-03   3.2912232e-03  -1.5387804e-04
   1.8384357e-01  -1.6486996e-01  -1.7385464e-01  -3.6310163e-03   2.7922801e-03   9.0555457e-04
   1.8036037e-01  -1.8167289e-01   1.3033666e-01  -4.6680200e-03   3.9990130e-03   1.3535523e-04
   2.0198347e-01  -1.4085091e-01   2.1918090e-01  -4.4009216e-03   3.9245031e-03   3.2948306e-04
   1.8825353e-01  -1.6115669e-01   1.8876624e-01  -4.8948974e-03   4.0014862e-03   3.0062136e-04
   2.1245119e-01  -1.8775633e-01   2.5956332e-01  -5.4569113e-03   4.5877126e-03   6.6681547e-04
   2.0194438e-01  -2.0750590e-01   2.3167534e-01  -5.6242448e-03   4.3357688e-03   6.1359766e-04
   2.0498248e-01  -1.4237193e-01   2.2305914e-01  -5.1646586e-03   4.4105846e-03   5.3077690e-04
   2.0832113e-01  -1.7416275e-01   2.3693340e-01  -5.2580898e-03   4.3807036e-03   2.8122396e-04
   2.1627068e-01  -1.7604920e-01   2.3364649e-01  -5.2866817e-03   4.0976510e-03   5.2886024e-04
   1.9824672e-01  -2.0608612e-01   2.7179699e-01  -5.6829448e-03   4.0511181e-03   3.0523848e-04
   2.0529103e-01  -1.7135893e-01   2.5964724e-01  -5.2270408e-03   4.5493232e-03   2.5388650e-04
   2.1353601e-01  -2.0170582e-01   2.5591056e-01  -5.5848796e-03   4.5738518e-03   2.0423055e-04
   2.2106210e-01  -1.8773507e-01   2.4164248e-01  -5.3652402e-03   4.4833128e-03   3.8820369e-04
   2.2190334e-01  -2.6197594e-01   2.7174546e-01  -6.1723995e-03   4.2112821e-03   1.9658847e-04
   2.1278563e-01  -2.2141715e-01   2.5064761e-01  -5.6242291e-03   4.4146621e-03   1.9767458e-04
   2.0592429e-01  -2.3879700e-01   2.3728167e-01  -5.5260807e-03   4.3235486e-03   1.9010858e-04
   2.0989556e-01  -2.3909700e-01   2.6706189e-01  -5.5834942e-03   4.4625548e-03   2.3359153e-04
   2.1507649e-01  -2.6101313e-01   2.6022904e-01  -5.8488215e-03   4.7849944e-03   2.5188648e-04
   2.1291031e-01  -2.3866320e-01   2.5169706e-01  -5.7647727e-03   4.8252037e-03   1.6115175e-04
   2.1391471e-01  -2.3552953e-01   2.3211671e-01  -5.4633288e-03   4.7912181e-03  -6.6257109e-06
   2.1493011e-01  -2.4423239e-01   2.5993884e-01  -5.4235969e-03   4.5739041e-03   1.0798756e-04
   2.1831977e-01  -2.7451238e-01   2.4345993e-01  -5.9310156e-03   4.5819063e-03   7.8498638e-05
   2.2924115e-01  -2.5189980e-01   2.2695949e-01  -5.7635174e-03   5.1505122e-03  -2.7535254e-04
   2.2504879e-01  -2.4691906e-01   2.1711207e-01  -5.5030426e-03   5.1385486e-03  -3.8885715e-04
   2.2318865e-01  -2.5331338e-01   2.5789234e-01  -5.2295052e-03   5.3780816e-03  -5.0948995e-04
   2.3865399e-01  -3.0557083e-01   2.8665183e-01  -5.9716711e-03   5.9200151e-03  -5.5824614e-04
   2.2897889e-01  -2.8400592e-01   2.3500198e-01  -5.8641291e-03   5.2973152e-03  -3.4575706e-04
   2.2112251e-01  -2.5733041e-01   2.3297815e-01  -5.6603880e-03   5.2573135e-03  -6.2387641e-04
   2.2514994e-01  -2.4574304e-01   2.2988203e-01  -5.6376857e-03   5.0405973e-03  -4.9912226e-04
   2.3420725e-01  -2.4493745e-01   1.7741506e-01  -5.6176377e-03   4.8979857e-03  -3.6426593e-04
   2.2843146e-01  -2.7470609e-01   2.0094250e-01  -5.7719022e-03   4.9593150e-03  -5.6728397e-04
   2.3596802e-01  -2.5071026e-01   1.9103020e-01  -5.2674595e-03   5.4982782e-03  -5.8408196e-04
   2.3581009e-01  -2.6378742e-01   1.8833650e-01  -5.6910050e-03   5.2864244e-03  -6.1483334e-04
   2.3870778e-01  -3.0531917e-01   2.1374136e-01  -5.8813793e-03   5.7774588e-03  -7.0890797e-04
   2.4392264e-01  -3.3958304e-01   1.9784816e-01  -5.5491617e-03   5.4257927e-03  -6.0065172e-04
   2.4233425e-01  -2.7808081e-01   2.1049888e-01  -5.6381932e-03   5.6764647e-03  -4.9065123e-04
   2.4058988e-01  -2.8082540e-01   2.1801058e-01  -5.5887163e-03   5.4135626e-03  -5.1171036e-04
   2.4437925e-01  -2.7337863e-01   2.1280904e-01  -5.2424626e-03   5.1784391e-03  -5.5854732e-04
   2.4080940e-01  -2.9596184e-01   2.1423205e-01  -5.7406925e-03   5.2448725e-03  -4.5048540e-04
   2.3800067e-01  -2.6557554e-01   1.9910996e-01  -5.4434613e-03   5.0565183e-03  -5.4510985e-04
   2.3308601e-01  -2.6630149e-01   2.0516582e-01  -5.2974650e-03   5.0144054e-03  -7.2778740e-04
   2.3712796e-01  -2.8826603e-01   2.2707859e-01  -5.2737557e-03   5.4404880e-03  -7.2018043e-04
   2.3401115e-01  -2.9460102e-01   2.2750721e-01  -5.6194203e-03   4.9990549e-03  -8.2824435e-04
   2.2831775e-01  -2.8369587e-01   1.9347322e-01  -5.3180161e-03   4.8975457e-03  -9.8897463e-04
   2.3354527e-01  -2.8632361e-01   2.2197060e-01  -5.0838827e-03   5.0128994e-03  -8.8705281e-04
   2.4500658e-01  -2.9105481e-01   2.0449999e-01  -5.1399968e-03   5.0183323e-03  -9.3458330e-04
   2.4351915e-01  -3.1071069e-01   2.2208660e-01  -5.7704942e-03   5.0858055e-03  -7.9710177e-04
   2.4753905e-01  -2.8990017e-01   2.0197518e-01  -5.3715501e-03   5.1937045e-03  -8.1451740e-04
   2.4767622e-01  -2.8048747e-01   1.9538716e-01  -5.0906898e-03   5.1732172e-03  -8.5017597e-04
   2.4925497e-01  -2.8986155e-01   1.9218982e-01  -5.2897438e-03   5.0818800e-03  -1.0867230e-03
   2.5038631e-01  -3.2908738e-01   2.3093064e-01  -5.4117670e-03   5.0524164e-03  -8.7965875e-04
   2.6439437e-01  -3.3389218e-01   2.0369309e-01  -5.5899243e-03   5.2655047e-03  -1.1751014e-03
   2.5914455e-01  -3.0507500e-01   1.9940452e-01  -4.9024195e-03   5.2331848e-03  -1.1089027e-03
   2.6072383e-01  -3.3943663e-01   2.2587299e-01  -5.2551612e-03   5.2896532e-03  -1.2781229e-03
   2.6249902e-01  -3.4719102e-01   2.4294479e-01  -5.3800337e-03   5.4013946e-03  -1.1724236e-03
   2.6138580e-01  -3.6243797e-01   2.3787738e-01  -5.3785796e-03   5.3443417e-03  -1.0851486e-03
   2.6573742e-01  -3.4281308e-01   1.8320734e-01  -5.2134103e-03   5.6599949e-03  -1.2823369e-03
   2.6851584e-01  -3.6554225e-01   2.2895805e-01  -5.0374879e-03   5.4454834e-03  -1.3309826e-03
   2.6657339e-01  -3.6976321e-01   1.9988032e-01  -5.0806798e-03   5.4312253e-03  -1.0540648e-03
   2.6631830e-01  -3.7422781e-01   2.0798559e-01  -5.1886262e-03   5.2527460e-03  -1.1564365e-03
   2.7105789e-01  -3.4059221e-01   1.5565396e-01  -4.8688300e-03   5.5739920e-03  -1.2206646e-03
   2.7613840e-01  -3.4261326e-01   2.0154868e-01  -4.8650318e-03   5.3235456e-03  -1.5784783e-03
   2.7545554e-01  -3.8537276e-01   2.3177376e-01  -5.4326272e-03   5.5798749e-03  -1.4471351e-03
   2.7710477e-01  -3.5997229e-01   2.1512504e-01  -5.0359097e-03   5.3246235e-03  -1.5119489e-03
   2.7841105e-01  -3.4763078e-01   1.7965534e-01  -5.1153708e-03   5.4592711e-03  -1.6085443e-03
   2.8100880e-01  -3.4307413e-01   1.7004235e-01  -4.8289073e-03   5.6551888e-03  -1.5722699e-03
   2.8310222e-01  -3.9288372e-01   1.7168208e-01  -5.5269876e-03   5.4971279e-03  -1.6276120e-03
   2.7978284e-01  -3.8808320e-01   1.9581961e-01  -5.6249895e-03   5.5219552e-03  -1.4385713e-03
   2.8569609e-01  -3.9240381e-01   1.9538671e-01  -5.7181285e-03   5.6254473e-03  -1.3769680e-03
   2.8154449e-01  -3.8018136e-01   1.8537753e-01  -5.1902655e-03   5.5116389e-03  -1.4350621e-03
   2.8477542e-01  -4.1206685e-01   1.8698315e-01  -5.5024555e-03   5.0757662e-03  -1.4603896e-03
   2.8880448e-01  -4.1337970e-01   1.8872207e-01  -5.6488604e-03   5.2626802e-03  -1.3402348e-03
   2.8071225e-01  -4.1600879e-01   1.8270801e-01  -5.5778098e-03   5.2029698e-03  -1.4168130e-03
   2.9059397e-01  -3.9542892e-01   1.6330625e-01  -5.0326662e-03   5.2991983e-03  -1.4372363e-03
   2.9146550e-01  -4.3174980e-01   1.9213272e-01  -5.4458222e-03   5.2359571e-03  -1.4814195e-03
   2.9196281e-01  -4.1252877e-01   1.7339387e-01  -5.4874392e-03   5.5720743e-03  -1.4708717e-03
   2.8387686e-01  -4.2163250e-01   1.6516904e-01  -5.3523313e-03   5.1845959e-03  -1.4504502e-03
   2.8843768e-01  -3.9577687e-01   1.2013249e-01  -5.4025639e-03   5.3088099e-03  -1.5542132e-03
   2.8972432e-01  -4.2718412e-01   1.7789869e-01  -5.3269921e-03   5.3634645e-03  -1.4777724e-03
   3.1801787e-01  -3.8846095e-01   9.5564720e-02  -4.9298431e-03   5.4902476e-03  -8.6518745e-04
   2.9468228e-01  -5.4894751e-01   1.9857843e-01  -5.0802467e-03   4.8050172e-03  -1.2417498e-03
   2.7905368e-01  -5.6832038e-01   1.8028877e-01  -4.6809000e-03   4.6630190e-03  -1.2922031e-03
   2.7553429e-01  -3.6500789e-01   1.5884590e-01  -3.8258602e-03   4.5668778e-03  -1.3111445e-03
   2.8859764e-01  -4.6358327e-01   2.2318036e-01  -4.6113906e-03   4.8158134e-03  -1.4080543e-03
   2.7460900e-01  -4.0603595e-01   1.6293735e-01  -4.7190119e-03   4.9376286e-03  -1.3893318e-03
   2.7237836e-01  -3.8320966e-01   1.8291211e-01  -4.2468776e-03   4.7335861e-03  -1.1432038e-03
   2.8616430e-01  -4.0098701e-01   1.5711512e-01  -4.7708896e-03   4.9759158e-03  -1.3122817e-03
   2.9071873e-01  -4.1340320e-01   1.7205114e-01  -4.8338950e-03   3.9215979e-03  -1.1307618e-03
   2.9769550e-01  -4.2281327e-01   1.3933352e-01  -5.1492281e-03   4.7663472e-03  -1.1697705e-03
   2.9034293e-01  -4.1217900e-01   1.4007128e-01  -4.9747950e-03   4.8166283e-03  -1.1492807e-03
   2.8999756e-01  -3.8834255e-01   1.4206034e-01  -4.8541491e-03   4.8934463e-03  -1.3531352e-03
   2.9253101e-01  -4.0557964e-01   1.4790632e-01  -5.1049759e-03   5.0141084e-03  -1.3718730e-03
   2.9257724e-01  -3.9991886e-01   1.3266666e-01  -5.2665254e-03   4.7848797e-03  -1.1573483e-03
   2.9726725e-01  -4.1475298e-01   1.4271512e-01  -5.2180516e-03   4.8866778e-03  -1.1577264e-03
   2.9491657e-01  -3.8828845e-01   1.2039289e-01  -4.8901473e-03   4.8544778e-03  -1.3278633e-03
   2.9372125e-01  -4.5600185e-01   1.6466035e-01  -4.9589570e-03   4.7188496e-03  -1.5056159e-03
   3.0491454e-01  -4.3678849e-01   1.3596318e-01  -5.2752938e-03   4.8567890e-03  -1.2574876e-03
   3.0743107e-01  -4.3300615e-01   1.4841257e-01  -4.7716344e-03   4.9835382e-03  -1.4944853e-03
   3.0248798e-01  -4.0289061e-01   1.1869538e-01  -4.6312130e-03   4.8359212e-03  -1.3790066e-03
   3.0730605e-01  -4.5208965e-01   1.7977864e-01  -4.2429669e-03   5.0564075e-03  -1.7086117e-03
   3.1037762e-01  -4.6153302e-01   2.0531624e-01  -4.4710149e-03   4.9624801e-03  -1.6200362e-03
   3.1097661e-01  -4.5966318e-01   1.6463701e-01  -5.4218600e-03   4.8103252e-03  -1.0520333e-03
   3.1248987e-01  -4.2530824e-01   1.1739154e-01  -4.7229587e-03   5.1076363e-03  -1.1734961e-03
   3.1704663e-01  -4.7570068e-01   1.7370702e-01  -5.3935161e-03   4.8590868e-03  -1.3783030e-03
   3.2350424e-01  -4.7834787e-01   1.7243831e-01  -5.1043366e-03   5.1778969e-03  -1.2550516e-03
   3.2944724e-01  -4.8339265e-01   1.5447724e-01  -5.4058083e-03   5.1177159e-03  -1.1587928e-03
   3.2636308e-01  -4.5678229e-01   1.3914325e-01  -5.0712858e-03   5.0589022e-03  -1.5509751e-03
   3.2070125e-01  -4.8609986e-01   1.5501354e-01  -5.2377771e-03   4.9095665e-03  -1.4308531e-03
   3.3917937e-01  -4.8404866e-01   1.5782517e-01  -5.2229427e-03   5.2654694e-03  -1.3834859e-03
   3.3292027e-01  -4.9959618e-01   1.7403363e-01  -5.4002121e-03   4.9642169e-03  -1.3356133e-03
   3.2302517e-01  -4.6806165e-01   1.6359565e-01  -4.9924652e-03   4.7576077e-03  -1.4213452e-03
   3.2181662e-01  -5.1375636e-01   2.1912835e-01  -5.4621044e-03   4.8740111e-03  -1.6085506e-03
   3.4388914e-01  -5.4639872e-01   2.3172178e-01  -5.3991677e-03   5.1063914e-03  -1.1759320e-03
   3.2725357e-01  -5.3852305e-01   1.8927107e-01  -5.1784187e-03   4.5940073e-03  -1.1914702e-03
   3.1348481e-01  -5.2583979e-01   1.7802150e-01  -5.0946864e-03   4.9257159e-03  -1.3269435e-03
   3.3376736e-01  -5.1469055e-01   1.8373423e-01  -4.5132093e-03   5.1550731e-03  -1.0592048e-03
   3.4051042e-01  -5.4474445e-01   2.0457148e-01  -4.9360545e-03   5.5026936e-03  -1.2175068e-03
   3.3813062e-01  -5.5521274e-01   1.9443498e-01  -4.8519892e-03   5.0764736e-03  -1.1962125e-03
   3.3911411e-01  -5.5648840e-01   1.6823631e-01  -4.9516850e-03   5.0412406e-03  -1.0408345e-03
   3.2582053e-01  -5.2307838e-01   1.7550126e-01  -4.8267182e-03   4.7764330e-03  -1.1735924e-03
   3.3145652e-01  -5.4681174e-01   1.9590972e-01  -5.0852124e-03   4.9346968e-03  -1.3568498e-03
   3.3165605e-01  -5.5237571e-01   1.9446285e-01  -5.4280906e-03   4.9414738e-03  -1.0866825e-03
   3.4052107e-01  -5.3244328e-01   1.6175141e-01  -5.2011247e-03   4.8151188e-03  -1.2209486e-03
   3.3434410e-01  -5.0813777e-01   1.5699122e-01  -4.9470626e-03   4.9174268e-03  -1.1628074e-03
   3.3891679e-01  -5.3261794e-01   1.8203107e-01  -5.3237053e-03   4.7853973e-03  -1.3608607e-03
   3.4578494e-01  -5.6928645e-01   2.0362319e-01  -6.1025958e-03   5.0789375e-03  -1.2037301e-03
   3.3536785e-01  -5.2056461e-01   1.8264406e-01  -5.8797413e-03   4.9764441e-03  -9.6009488e-04
   3.3576566e-01  -4.9892413e-01   1.8962978e-01  -5.3054380e-03   5.0283025e-03  -1.0658985e-03
   3.3852184e-01  -5.1831216e-01   2.0494652e-01  -5.5405606e-03   5.1971269e-03  -1.1839442e-03
   3.4300194e-01  -5.4775212e-01   2.3449011e-01  -5.9549838e-03   5.3204075e-03  -1.0571845e-03
   3.4702581e-01  -5.4591214e-01   1.9937172e-01  -6.2242241e-03   5.1695900e-03  -9.1166892e-04
   3.5110702e-01  -5.2307394e-01   1.8909388e-01  -6.0578936e-03   5.2499798e-03  -9.4057249e-04
   3.4687528e-01  -5.3620571e-01   1.6644068e-01  -6.1508845e-03   5.2360270e-03  -1.1498894e-03
   3.4849099e-01  -5.6050394e-01   2.0277757e-01  -6.1476617e-03   5.3450155e-03  -1.0629092e-03
   3.4478015e-01  -6.0692417e-01   2.7046561e-01  -5.8428179e-03   5.0584389e-03  -7.5954193e-04
   3.4487765e-01  -5.5779432e-01   1.3941237e-01  -5.8143933e-03   5.2869057e-03  -1.1547720e-03
   3.5799477e-01  -5.3366981e-01   2.0448358e-01  -5.6314952e-03   5.1934281e-03  -1.2573125e-03
   3.5342447e-01  -5.7135949e-01   2.5146284e-01  -5.6876065e-03   5.3465610e-03  -1.5235718e-03
   3.4518724e-01  -5.6827943e-01   2.3161025e-01  -5.5968638e-03   5.0502625e-03  -1.4181843e-03
   3.4772976e-01  -5.7450999e-01   2.4735727e-01  -5.7615824e-03   4.9314978e-03  -1.4860811e-03
   3.4262139e-01  -5.4177279e-01   2.2792066e-01  -5.2940365e-03   5.0271714e-03  -1.4534312e-03
   3.4910004e-01  -5.7328803e-01   2.1689093e-01  -5.9507839e-03   4.8308940e-03  -1.3834786e-03
   3.5143329e-01  -5.4787049e-01   1.4949722e-01  -5.9481714e-03   4.7102206e-03  -1.3592427e-03
   3.5394551e-01  -5.7057118e-01   2.1364350e-01  -5.7875185e-03   4.8263025e-03  -1.3344994e-03
   3.4575837e-01  -5.4387651e-01   1.8618820e-01  -5.7570365e-03   4.8499480e-03  -1.5038963e-03
   3.4846341e-01  -5.9817113e-01   2.4304380e-01  -6.0056802e-03   4.7479424e-03  -1.4016881e-03
   3.5379487e-01  -5.3756658e-01   1.5950576e-01  -5.6112615e-03   4.7934229e-03  -1.0095686e-03
   3.4117093e-01  -7.3338279e-01   2.6908310e-01  -6.2733361e-03   4.7388927e-03  -1.2977105e-03
   3.2897953e-01  -7.5308411e-01   2.8886633e-01  -5.2654109e-03   4.0274403e-03  -1.1739377e-03
   3.2750284e-01  -5.1679011e-01   1.7798594e-01  -4.8149390e-03   4.7452856e-03  -1.7783327e-03
   3.4069134e-01  -5.7952156e-01   2.4902250e-01  -5.1556739e-03   5.0060950e-03  -1.5276235e-03
   3.3817468e-01  -5.7564659e-01   2.0636224e-01  -5.3713146e-03   4.8147652e-03  -1.5396045e-03
   3.4935086e-01  -5.3659358e-01   1.9390511e-01  -4.9755409e-03   5.2085748e-03  -1.5515763e-03
   3.5910817e-01  -6.2234762e-01   2.5149061e-01  -5.4711637e-03   5.2274110e-03  -1.7137756e-03
   3.4939862e-01  -5.8641694e-01   1.3728759e-01  -5.4124418e-03   5.0357798e-03  -1.5564966e-03
   3.5706730e-01  -6.8767482e-01   2.1460683e-01  -6.0598202e-03   4.8975243e-03  -1.4908844e-03
   3.5010759e-01  -6.8239317e-01   1.7911174e-01  -5.7308995e-03   5.0708672e-03  -1.3839166e-03
   3.5227675e-01  -6.1133455e-01   1.7735076e-01  -5.5365898e-03   5.0843710e-03  -1.6510478e-03
   3.5168060e-01  -6.2965277e-01   1.6856836e-01  -5.8059196e-03   5.1212695e-03  -1.3152526e-03
   3.5966385e-01  -6.1718657e-01   1.3757449e-01  -5.7262105e-03   4.8788709e-03  -1.2818840e-03
   3.5581550e-01  -5.8436163e-01   1.4855726e-01  -5.4612206e-03   5.0011450e-03  -1.2573679e-03
   3.5943523e-01  -5.5626657e-01   1.4500563e-01  -5.1742628e-03   5.1667418e-03  -1.4726896e-03
   3.7272071e-01  -5.7824845e-01   1.3221557e-01  -5.2551558e-03   5.0994568e-03  -1.1102973e-03
   3.5697028e-01  -5.6844679e-01   3.9303672e-01  -4.4514902e-03   4.2728399e-03  -7.7892950e-04
   3.4949211e-01  -5.4852336e-01   2.1997500e-01  -5.2813925e-03   5.0703298e-03  -7.4279857e-04
   3.6738760e-01  -5.1812057e-01   1.1906152e-01  -4.9646962e-03   5.4469423e-03  -8.4310051e-04
   3.5011136e-01  -5.1031975e-01   1.6859835e-01  -4.1095924e-03   5.4025233e-03  -1.0171713e-03
   3.4764703e-01  -5.4588166e-01   1.1003567e-01  -4.4443361e-03   5.0964203e-03  -6.5838237e-04
   3.4446884e-01  -5.5940697e-01   1.3501853e-01  -4.2808123e-03   4.9763793e-03  -8.3427840e-04
   3.5317734e-01  -5.5387892e-01   2.8887475e-02  -4.5165223e-03   5.3092083e-03  -3.8233076e-04
   3.5090638e-01  -6.0641665e-01   9.2305164e-02  -5.6199347e-03   5.8145763e-03  -6.3216949e-04
   3.4932663e-01  -6.0772197e-01   9.6555561e-02  -5.5005178e-03   5.8093139e-03  -2.8870340e-04
   3.4835238e-01  -6.3887219e-01   8.0481509e-02  -5.7052196e-03   5.8428467e-03  -2.6788944e-04
   3.5414818e-01  -6.1947336e-01   1.1182290e-01  -5.3362765e-03   6.0992911e-03  -1.8684190e-04
   3.5362165e-01  -6.5044778e-01   1.2640853e-01  -5.5219897e-03   6.1529621e-03  -4.3706142e-04
   3.6058670e-01  -6.6886875e-01   1.2450666e-01  -5.7357803e-03   6.2414336e-03  -4.1205147e-04
   3.5493222e-01  -6.7437503e-01   1.2164894e-01  -5.7242676e-03   6.1678552e-03  -3.1512465e-04
   3.4545231e-01  -6.5038224e-01   1.4008343e-01  -5.5093971e-03   6.1537009e-03  -5.6104862e-04
   3.4199150e-01  -6.6387655e-01   1.6936030e-01  -5.9576927e-03   5.8868663e-03  -6.1785014e-04
   3.5342819e-01  -6.6135531e-01   1.7940168e-01  -5.7754082e-03   5.9065638e-03  -4.0057430e-04
   3.5798313e-01  -6.6337589e-01   1.4535642e-01  -6.0191685e-03   5.9254165e-03  -2.3225769e-04
   3.6321663e-01  -6.2194952e-01   1.1836207e-01  -5.6976792e-03   5.8721937e-03  -1.6584597e-04
   3.5098118e-01  -6.1742144e-01   1.3551050e-01  -5.5529157e-03   5.8125946e-03  -5.0184236e-04
   3.5253998e-01  -6.1206601e-01   1.5588501e-01  -5.5347635e-03   5.8830903e-03  -2.8781273e-04
   3.5286128e-01  -6.4137985e-01   1.3631808e-01  -5.8775256e-03   5.6673553e-03  -3.6182272e-04
   3.5832048e-01  -6.1964634e-01   1.4584074e-01  -5.6229465e-03   5.8857398e-03  -3.0239295e-04
   3.6299214e-01  -6.2096357e-01   1.5328582e-01  -5.6195411e-03   5.7628657e-03  -5.3186328e-04
   3.6739070e-01  -6.5805141e-01   1.8992362e-01  -5.7497148e-03   5.7886095e-03  -4.9118585e-04
   3.6581334e-01  -6.6070958e-01   1.2875066e-01  -5.7704351e-03   5.9663287e-03  -3.5051453e-04
   3.5746567e-01  -6.6454563e-01   1.5928018e-01  -6.0418304e-03   5.7549753e-03  -3.7562698e-04
   3.5326611e-01  -6.7128576e-01   1.7296280e-01  -5.7925647e-03   5.8188026e-03  -4.3342620e-04
   3.5215774e-01  -6.9433652e-01   1.5879190e-01  -5.9503906e-03   5.6954983e-03  -3.6635517e-04
   3.6706212e-01  -6.8840157e-01   1.3692200e-01  -6.3261637e-03   5.7487140e-03  -3.7822945e-04
   3.6426555e-01  -7.0167934e-01   1.5572492e-01  -6.4695938e-03   5.7758761e-03  -1.6631014e-04
   3.6982131e-01  -6.6516967e-01   1.2977091e-01  -5.8227566e-03   6.0007670e-03  -2.2229212e-04
   3.7268333e-01  -7.1138147e-01   1.8507043e-01  -6.2165770e-03   6.2251219e-03  -3.8988466e-04
   3.6576849e-01  -6.8710284e-01   1.6550757e-01  -5.8586788e-03   6.2013203e-03  -1.4484618e-04
   3.6160175e-01  -6.6340651e-01   1.3022739e-01  -5.6563790e-03   6.4246498e-03  -4.1546905e-05
   3.6699673e-01  -6.7784405e-01   1.8369741e-01  -5.4126672e-03   6.4033766e-03  -2.5090115e-04
   3.6391320e-01  -7.0300838e-01   1.6162767e-01  -5.3902412e-03   6.3465285e-03  -2.8335301e-04
   3.6334602e-01  -7.3212656e-01   1.7214282e-01  -5.6175908e-03   6.3389973e-03  -1.6974382e-04
   3.5572680e-01  -7.3455114e-01   1.8239562e-01  -5.7867566e-03   6.1219627e-03  -1.9643714e-04
   3.6127879e-01  -7.2030314e-01   1.7261984e-01  -5.8102714e-03   6.0871262e-03  -3.6466696e-04
   3.6166456e-01  -7.0500358e-01   1.7018636e-01  -5.4879142e-03   6.3694737e-03  -3.4503816e-04
   3.6847638e-01  -7.2222445e-01   1.7500927e-01  -5.6967222e-03   6.4798985e-03  -3.3226304e-04
   3.6152960e-01  -7.1344683e-01   1.6649259e-01  -5.7188258e-03   6.4037410e-03  -1.0657180e-04
   3.6856912e-01  -6.9426299e-01   1.6609593e-01  -5.6596661e-03   6.5720819e-03  -2.9067967e-04
   3.6597720e-01  -6.9458827e-01   1.6316057e-01  -5.5147975e-03   6.6769767e-03  -3.1380956e-04
   3.8454366e-01  -7.3332376e-01   1.9218032e-01  -5.5082624e-03   6.3026913e-03  -2.2403766e-04
   3.7567828e-01  -7.5485475e-01   1.7826697e-01  -6.2151211e-03   6.5212706e-03  -1.3078591e-04
   3.7220729e-01  -7.2582437e-01   1.7792041e-01  -6.1034916e-03   6.6933015e-03  -2.0900788e-04
   3.7345614e-01  -7.2134022e-01   1.6640426e-01  -5.7913658e-03   6.8128727e-03  -7.4289717e-05
   3.7746854e-01  -7.3420145e-01   1.5789353e-01  -5.8806669e-03   6.9152768e-03  -1.4809954e-04
   3.7701557e-01  -7.2283428e-01   1.6522662e-01  -5.7476997e-03   6.6658104e-03   2.5760576e-04
   3.7864529e-01  -7.2411591e-01   1.6742949e-01  -5.9350053e-03   6.6698610e-03  -9.2694276e-06
   3.7657661e-01  -7.1130367e-01   1.4734072e-01  -5.7349915e-03   6.6032427e-03   1.7964683e-04
   3.8767746e-01  -7.3617721e-01   2.0681828e-01  -5.3437819e-03   6.8137472e-03  -2.1081754e-04
   3.4259646e-01  -7.6026765e-01   1.2300613e-01  -3.9413384e-03   6.8759725e-03   5.7156460e-04
   3.3865912e-01  -7.7503948e-01   3.6221101e-01  -4.8135733e-03   5.9108238e-03   6.0536767e-04
   3.7891285e-01  -6.2541170e-01   4.1183076e-01  -3.7681027e-03   6.5511287e-03   1.6386407e-04
   3.8034602e-01  -7.3937971e-01   4.7118018e-01  -4.1250410e-03   6.3567440e-03   2.1218313e-04
   3.8666184e-01  -7.0189663e-01   4.2449856e-01  -3.7464755e-03   6.8099853e-03   5.8070750e-04
   3.9560011e-01  -7.4531874e-01   4.3341826e-01  -3.7110209e-03   6.8094569e-03   4.1860227e-04
   4.0844774e-01  -7.4256847e-01   4.0135228e-01  -3.8659497e-03   7.1095855e-03   1.5837046e-04
   4.1499929e-01  -7.9135831e-01   4.2750902e-01  -4.3403570e-03   6.9487599e-03   1.7030358e-04
   4.1887214e-01  -7.9676276e-01   3.9559591e-01  -4.7679244e-03   7.1555963e-03   3.5065673e-04
   4.1783838e-01  -8.3187488e-01   4.3459339e-01  -4.9638022e-03   7.3929134e-03   3.5857927e-04
   4.1631351e-01  -7.9218893e-01   4.0135954e-01  -4.4025776e-03   7.2645162e-03   3.8831209e-04
   4.0396054e-01  -8.3555720e-01   4.0879487e-01  -4.5504286e-03   7.1171183e-03   5.1301389e-04
   4.1690226e-01  -8.0979658e-01   4.2243971e-01  -4.4566495e-03   7.5819390e-03   3.5590028e-04
   4.1367449e-01  -7.9787379e-01   4.3213117e-01  -4.0174626e-03   7.4691569e-03   5.5513596e-04
   4.1313122e-01  -7.8953110e-01   4.0943051e-01  -4.4513782e-03   7.6311903e-03   5.3639960e-04
   4.1669516e-01  -7.7104950e-01   4.2002199e-01  -4.2997855e-03   7.7280607e-03   6.7986214e-04
   4.2295112e-01  -7.3067734e-01   3.9751528e-01  -4.1672077e-03   7.9891282e-03   8.4070467e-04
   4.2589835e-01  -7.0628620e-01   3.9737051e-01  -3.7747263e-03   8.0376429e-03   7.8316838e-04
   4.2973389e-01  -7.0470122e-01   3.9362565e-01  -3.7979388e-03   7.9866266e-03   6.9663406e-04
   4.3511997e-01  -7.0273373e-01   4.0787230e-01  -3.6451433e-03   7.9123314e-03   9.1794958e-04
   4.3266420e-01  -7.2180688e-01   4.2421775e-01  -3.8006987e-03   7.9709377e-03   8.4990589e-04
   4.2900443e-01  -7.3836590e-01   4.2269608e-01  -3.9633039e-03   8.0726938e-03   8.7907693e-04
   4.4125637e-01  -7.3364202e-01   4.0840279e-01  -3.8431012e-03   8.1529495e-03   8.3246583e-04
