  -1.4210855e-14   0.0000000e+00   0.0000000e+00   0.0000000e+00   0.0000000e+00   0.0000000e+00
   1.7891319e-02   3.4359053e-02  -4.3417849e-02   1.9214396e-03   3.4280737e-04  -1.3450517e-04
   3.3531197e-02   1.0452607e-01  -1.6437871e-02   6.2423516e-03   1.6866195e-03  -4.5830946e-04
   9.8527652e-03   5.3014480e-02  -5.3843391e-03   4.3415553e-03   1.7054517e-03  -1.3731977e-03
   2.7408739e-02   7.7309202e-02   2.4645930e-02   3.2514086e-03   2.3107332e-03  -1.2452317e-03
   2.0064720e-02  -6.0554238e-03   7.0663352e-02   1.7293370e-03   1.7154006e-03  -8.9495400e-04
   2.5805666e-02   4.4200070e-02   4.7584352e-02   3.4419392e-03   1.3011779e-03  -1.9902574e-04
   2.8257784e-02   7.3926662e-02   6.3611159e-02   4.0191609e-03   1.5759613e-03  -2.0256029e-04
   2.3377338e-02   7.5681184e-02   9.0556963e-02   4.1257897e-03   1.6404238e-03  -4.5341530e-04
   3.0343923e-02   8.2683726e-02   7.8004023e-02   3.6250467e-03   1.3641856e-03  -7.5372668e-04
   3.7968728e-02   7.8039364e-02   8.4230463e-02   2.4129063e-03   1.5037027e-03  -5.8311823e-04
   3.8458638e-02   6.0853353e-02   7.7407030e-02   1.5719293e-03   1.4030370e-03  -4.0517653e-04
   3.3506955e-02   5.0276845e-02   1.1437842e-01   2.6430823e-03   1.2217974e-03  -4.7208098e-04
   3.6545333e-02   4.1043191e-02   2.4808144e-01   2.0305758e-03   1.2372155e-03  -9.4145932e-05
   4.0172005e-02   1.7218767e-02   2.2200916e-01   2.2701125e-03   1.2286371e-03  -2.6829302e-04
   5.0040505e-02   2.8490784e-02   1.1490448e-01   1.4258275e-03   7.8748262e-04  -9.8024575e-05
   4.0431182e-02   3.1807708e-02   8.5432259e-02   2.4249763e-03   9.2816397e-04  -1.7204026e-04
   4.4700056e-02   6.0421752e-02   1.5095942e-01   2.9896689e-03   5.2806148e-04  -3.0857963e-05
   3.9104015e-02   2.8453928e-02   1.9734450e-01   2.1752735e-03   5.5808162e-04  -3.1652497e-05
   3.9406085e-02   1.5842976e-02   1.2482048e-01   1.3356097e-03   3.3660727e-04  -7.8547242e-05
   2.6239250e-02   3.7358749e-02   5.6556896e-02   1.6481068e-03   5.7542408e-04  -4.3747833e-04
   2.8172591e-02   9.9632391e-02   2.7162238e-02   1.7965651e-03   6.0899209e-04  -2.0802598e-04
   2.5133012e-02   3.7395860e-02   1.6151926e-01   7.6797596e-04   5.1175596e-04  -2.8135999e-04
   2.8455879e-02   5.1755337e-02   1.1891528e-01   4.1763295e-04   5.7570800e-04  -1.2210281e-04
   3.5049599e-02   3.3932835e-02   1.6237026e-01   7.1690270e-04   9.6897778e-04  -2.5583842e-05
   3.3837326e-02  -4.9588761e-04   1.5870016e-01   5.8256221e-04   8.3864636e-04  -1.3160560e-04
   3.4160392e-02   1.3966475e-02   1.2647002e-01  -5.4469425e-04   3.7642250e-04  -6.0469176e-05
   3.2479470e-02   9.1062605e-03   1.9998623e-01   2.3949117e-04   7.1619471e-04  -3.3339912e-04
   2.7956314e-02  -1.2382203e-02   1.9122659e-01  -5.8910588e-05   3.2301374e-04  -2.5209306e-04
   3.4773037e-02  -2.2136267e-02   1.7351579e-01  -1.3862914e-04   6.5620735e-04  -6.1818406e-05
   3.3547467e-02  -1.6030234e-02   1.3125640e-01  -1.1911242e-03   3.1470455e-04  -7.3577927e-05
   2.7401512e-02  -1.7960754e-02   2.0047671e-01  -5.2066469e-04   3.7749552e-04  -1.3207213e-04
   3.0791215e-02  -4.9842420e-02   2.4922279e-01  -9.7712055e-04   4.2609798e-04  -7.0149580e-05
   2.5735970e-02  -4.6149907e-02   2.2465343e-01   3.6283770e-05   1.1007142e-04  -1.0202613e-04
   3.3165233e-02  -3.1933357e-02   2.5508986e-01   3.3909785e-05   7.6398439e-05   4.4578396e-05
   2.8770125e-02  -6.9804481e-02   1.4409972e-01  -8.3100316e-04   1.6264600e-04  -9.5176658e-05
   2.9147691e-02  -1.0053080e-02   1.3520932e-01  -7.1819538e-04   4.9064554e-05  -7.0232328e-05
   3.0305630e-02  -7.6887599e-02   2.0255895e-01  -8.7104658e-04   3.5870659e-04  -3.5563057e-04
   3.4358614e-02  -1.3858851e-02   1.1233147e-01  -1.0659112e-03   1.7509467e-04   1.2109220e-04
   3.3605554e-02  -3.1987219e-02   1.7832381e-01  -8.8111139e-04   4.8852022e-04   1.7906109e-05
   3.3229992e-02   8.6736462e-04   1.2511801e-01  -1.1776712e-03   2.2038118e-04   2.1241380e-04
   3.1050378e-02  -7.2453166e-02   1.8222004e-01  -1.4266720e-03   5.5720113e-04  -3.1421494e-05
   3.3292918e-02  -5.5103272e-02   1.9410013e-01  -7.2684518e-04   3.4329377e-04   1.6784191e-05
   3.5288409e-02  -3.6206063e-02   2.3670809e-01  -4.5626353e-04   3.2419441e-04  -9.9665304e-05
   3.4308620e-02  -3.7489069e-02   1.4998441e-01  -1.7859553e-03   3.4300427e-04  -1.3319076e-04
   2.0824003e-02  -3.0915460e-02   2.2658970e-01  -7.0538626e-04   2.3641628e-04  -4.1121505e-04
   2.7690300e-02  -3.5514828e-02   1.8592003e-01  -8.0725545e-04   3.7695848e-04  -8.2663160e-05
   2.6972806e-02  -5.0839058e-02   2.0820134e-01  -2.0523504e-03   1.8995718e-04   3.0427304e-05
   3.1874526e-02  -9.8297725e-02   2.1589907e-01  -1.4993751e-03   3.9494310e-04  -1.2460495e-04
   2.9448759e-02  -4.9743502e-02   1.5308008e-01  -2.1578290e-03   1.1770460e-04  -1.4440540e-04
   2.4590572e-02  -2.4641000e-02   2.3499492e-01  -1.2343835e-03   2.6013936e-04  -1.8538423e-04
   3.1380380e-02  -5.5943750e-02   2.5085197e-01  -1.3379884e-03   3.5908716e-04   4.6002233e-05
   3.6002120e-02  -9.2990644e-02   2.2274168e-01  -1.3908702e-03   4.5583523e-04   1.4406611e-05
   3.1413400e-02  -8.9868650e-02   1.6533026e-01  -1.4763250e-03   3.5363229e-04   2.0334746e-05
   3.3195307e-02  -7.6937565e-02   1.7838322e-01  -1.5381034e-03   6.6460572e-04  -1.1577435e-05
   3.0003172e-02   6.8456463e-04   1.1092230e-01  -2.2080575e-03   5.3015201e-05   1.1607457e-04
   2.4271211e-02  -4.4215151e-02   2.0627858e-01  -1.9413813e-03   3.1076736e-04  -6.1708573e-05
   2.9173580e-02  -6.8728885e-02   2.0575190e-01  -3.0131706e-03   8.3013935e-05   2.0820800e-04
   3.3307463e-02  -1.0583708e-01   2.3141865e-01  -2.6744545e-03   2.7430077e-04   2.8158211e-04
   3.8215019e-02  -1.1777409e-01   2.3713353e-01  -3.7440651e-03   1.2010645e-04   4.5263838e-04
   2.4006749e-02  -1.5168559e-01   2.6244210e-01  -3.3834397e-03   4.2053712e-05   2.5482177e-04
   3.4200449e-02  -1.5122287e-01   2.4979005e-01  -3.4880773e-03   3.4642041e-04   4.1499374e-04
   3.5862895e-02  -1.8755953e-01   2.1291888e-01  -3.6745549e-03   2.6493526e-04   1.1875032e-04
   3.1878043e-02  -1.1500854e-01   1.8922722e-01  -3.0119443e-03   1.1756524e-04   1.8959542e-04
   2.9464204e-02  -1.6929383e-01   2.5756985e-01  -3.3911582e-03   3.7480860e-04   1.9386936e-04
   2.6733752e-02  -1.5367455e-01   2.4019777e-01  -3.4716001e-03   1.3986432e-04   2.3483722e-04
   2.3379868e-02  -1.6757733e-01   2.4747453e-01  -3.5880080e-03   1.9158770e-04   2.6760127e-04
   3.0053615e-02  -1.6277663e-01   2.6545466e-01  -3.4782834e-03   2.7868617e-04   2.7704009e-04
   2.7078407e-02  -1.7572069e-01   2.3678076e-01  -3.7176147e-03  -1.6867648e-04   2.4099238e-04
   2.5405186e-02  -1.3009124e-01   2.4365950e-01  -2.9160775e-03  -3.1567751e-04   1.0624843e-04
   2.9870987e-02  -1.4390833e-01   2.9013607e-01  -3.0503836e-03  -3.8956985e-05   2.7592959e-04
   3.6994073e-02  -1.4683685e-01   2.3839709e-01  -3.3696664e-03  -1.0701389e-04   2.9273249e-04
   3.8848372e-02  -1.6302585e-01   2.3908643e-01  -3.8934323e-03  -6.7623979e-05   1.9928045e-04
   3.7773815e-02  -1.4705352e-01   2.3921957e-01  -3.2182602e-03   1.4620544e-04   1.3853549e-04
   3.7459265e-02  -1.4445129e-01   2.6296684e-01  -3.1714948e-03   3.4379887e-04   3.2568390e-04
   4.3784456e-02  -1.2938075e-01   2.6564228e-01  -2.5563401e-03   4.1774626e-04   3.4305175e-04
   3.8222990e-02  -9.5548027e-02   2.7551676e-01  -2.5755596e-03  -1.3033196e-04   2.7853945e-04
   3.7715339e-02  -1.1969424e-01   2.7317825e-01  -2.6643060e-03  -2.3128804e-04   3.1436988e-04
   3.4597900e-02  -6.6343072e-02   1.9595404e-01  -2.7478966e-03  -3.0437618e-04   3.5654239e-04
   3.6319873e-02  -1.3572152e-01   2.5553212e-01  -2.0192220e-03  -1.6393449e-04   3.0893705e-04
   5.5428895e-02  -5.7331242e-02   8.0682223e-02   6.1454665e-04   8.4942122e-04   6.0487483e-04
   6.0879354e-02  -6.1011453e-02   3.4183299e-02   5.5124178e-04   9.2742068e-04   5.2659384e-04
   5.9870540e-02  -3.0343532e-02   5.0016115e-02  -5.0013024e-04   7.5004422e-04   1.0811557e-04
   5.9140392e-02  -1.1380249e-01   1.9250405e-01  -6.6514080e-04   9.4992137e-04   2.1283691e-04
   5.5846472e-02  -1.2519354e-01   2.3816830e-01  -1.0980178e-03   6.0612873e-04   7.4967450e-04
   5.0453575e-02  -1.9823100e-01   2.5732991e-01  -2.1606759e-03   7.2802144e-04   6.4224411e-04
   5.0757925e-02  -1.8801787e-01   2.0840841e-01  -3.0983312e-03   4.3438883e-04   5.3849199e-04
   5.1268466e-02  -1.8949433e-01   2.0372670e-01  -2.9392320e-03   4.5924281e-04   6.7595281e-04
   2.7957803e-02  -1.7250863e-01   2.1009048e-01  -1.3813679e-03   6.0423735e-04  -2.1610655e-04
   4.2099202e-02  -2.3048690e-01   1.5971667e-01  -2.7958340e-03   9.3967414e-04  -4.9001783e-04
   6.7253699e-02  -1.8254549e-01   5.8914468e-02  -2.4001861e-03   1.1587669e-03   2.9621250e-04
   6.4138867e-02  -1.8927075e-01   1.1683056e-01  -1.9951773e-03   1.5399158e-03  -1.3073456e-04
   7.0676550e-02  -1.7781020e-01   1.1187802e-01  -3.7292180e-03   1.2169510e-03   1.0342581e-04
   5.1586118e-02  -1.7832457e-01   2.0529629e-01  -3.4659147e-03   9.4129396e-04   3.2106400e-05
   6.2055580e-02  -2.6625352e-01   3.0219365e-01  -3.5055989e-03   9.3135582e-04   3.8904833e-04
   5.8014009e-02  -2.4824009e-01   1.8882826e-01  -4.2324642e-03   5.4577038e-04   5.5560193e-04
   5.5822751e-02  -2.4216479e-01   2.7607841e-01  -3.1173009e-03   5.4216659e-04   5.4186194e-04
   6.8342960e-02  -2.7856441e-01   2.9946141e-01  -4.1816403e-03   5.5576596e-04   8.0128305e-04
   6.2212365e-02  -2.3402902e-01   1.6215400e-01  -3.5913156e-03   4.6033408e-04   4.7490988e-04
   6.5771581e-02  -1.4846205e-01   1.9963303e-01  -2.6784686e-03   6.2118217e-04   4.7482899e-04
   6.6886139e-02  -1.9827112e-01   2.5182186e-01  -3.5197747e-03   5.4108232e-04   6.2635067e-04
   5.9621648e-02  -1.8054126e-01   2.4983032e-01  -3.2803263e-03   2.8258147e-04   7.8334552e-04
   5.7423051e-02  -2.1713999e-01   2.3721843e-01  -3.8632608e-03   4.3644730e-04   9.3005657e-04
   6.1927893e-02  -2.0188493e-01   2.5170040e-01  -2.9717450e-03   5.5110436e-04   6.9792640e-04
   6.2718336e-02  -2.0471020e-01   1.5689096e-01  -3.9182237e-03   2.8418679e-04   5.7290457e-04
   5.5529176e-02  -1.5544134e-01   2.0523620e-01  -2.8323836e-03   2.1820105e-04   4.8190125e-04
   5.8322649e-02  -1.7884809e-01   2.3952534e-01  -3.4831175e-03   3.0954913e-04   6.1120965e-04
   5.8013832e-02  -1.6832333e-01   2.1166976e-01  -3.2027262e-03   2.4132529e-04   7.0806352e-04
   6.1978521e-02  -2.4712824e-01   2.5593102e-01  -4.0225862e-03   5.8020836e-04   6.0138847e-04
   6.2865969e-02  -2.1334354e-01   2.4255537e-01  -3.7641094e-03   5.1645460e-04   6.4317787e-04
   6.6792614e-02  -1.9415108e-01   2.3666357e-01  -3.5319163e-03   2.7909874e-04   8.7652653e-04
   6.4935834e-02  -1.8166705e-01   2.5238089e-01  -4.0232224e-03   2.9778927e-04   1.0495791e-03
   6.1990645e-02  -1.7571747e-01   2.6132279e-01  -3.0635775e-03   3.5282701e-04   8.9450087e-04
   7.1306545e-02  -2.0570366e-01   2.4292982e-01  -3.5914689e-03   6.4445573e-04   1.0723012e-03
   6.5878271e-02  -2.2806167e-01   2.5425189e-01  -4.2384277e-03   3.4713303e-04   1.0694377e-03
   6.7203191e-02  -2.1950824e-01   2.3797936e-01  -3.9333463e-03   5.8745886e-04   9.8783345e-04
   6.7836363e-02  -2.2689493e-01   2.5082806e-01  -3.7588767e-03   5.7041661e-04   8.9935356e-04
   6.1712944e-02  -2.4298565e-01   2.5019465e-01  -3.8518930e-03   5.5387284e-04   7.6093840e-04
   6.0832507e-02  -2.5282398e-01   2.8150713e-01  -4.3332919e-03   1.0007636e-04   1.1856444e-03
   6.6478482e-02  -2.5277251e-01   2.5380205e-01  -3.9014601e-03   2.6839746e-04   9.6895810e-04
   6.6936482e-02  -2.4224178e-01   2.0344417e-01  -4.3647528e-03  -1.1134015e-05   9.8716480e-04
   6.4806074e-02  -2.3241125e-01   2.6304331e-01  -2.8001091e-03   2.2966326e-04   7.7876703e-04
   6.7499343e-02  -2.5253151e-01   2.6693080e-01  -3.6932086e-03   1.6884302e-05   1.1953064e-03
   6.1370772e-02  -2.6167645e-01   2.4332436e-01  -3.7585617e-03   2.3007085e-04   1.2016270e-03
   5.9741459e-02  -2.6533537e-01   2.6351363e-01  -3.7935301e-03   8.1746272e-05   1.1592618e-03
   6.6991926e-02  -2.4880071e-01   1.9752076e-01  -3.4811854e-03   4.9703032e-04   9.3844823e-04
   6.0282280e-02  -2.4072801e-01   2.2439498e-01  -2.3082397e-03  -3.5775090e-04   1.0567976e-03
   7.0858820e-02  -1.7415551e-01   1.1971717e-01  -9.2426099e-04   1.8978493e-04   8.0832273e-04
   5.5241895e-02  -1.6348501e-01   1.8273254e-01  -1.1826831e-03   5.8156307e-04   3.0741615e-04
   5.0325035e-02  -2.0343568e-01   1.5225095e-01  -2.6285921e-03   4.7682813e-04   3.1968929e-04
   5.8056326e-02  -2.0080264e-01   2.1617717e-01  -2.9243894e-03   5.4236327e-04   4.7488072e-04
   6.0894107e-02  -2.1896135e-01   2.3849110e-01  -2.7608656e-03   5.2428586e-04   6.9196630e-04
   6.0309080e-02  -1.6239100e-01   1.8522001e-01  -2.8174126e-03   4.1070057e-04   8.2423497e-04
   6.3338127e-02  -1.8120314e-01   2.0565128e-01  -3.0430542e-03   6.3556786e-04   7.6644557e-04
   6.3403215e-02  -1.9945771e-01   2.5378942e-01  -3.3761217e-03   4.5829244e-04   9.7713575e-04
   5.5996321e-02  -2.0483273e-01   2.2174735e-01  -3.9112680e-03   3.1339082e-04   9.2957134e-04
   5.5152886e-02  -2.4083757e-01   2.8411968e-01  -4.5187081e-03   2.2176746e-04   1.0095315e-03
   5.5763973e-02  -1.8504908e-01   1.4361645e-01  -1.3344500e-03  -1.2287473e-04   1.0073819e-03
   7.5142224e-02  -1.6108970e-01   1.3552083e-01   8.2557601e-04   7.6957848e-04   6.8570763e-04
   6.5437612e-02  -1.8953994e-01   1.8795705e-01  -7.9053198e-04   6.2646518e-04   7.0494202e-04
   5.4028798e-02  -2.0525853e-01   1.3877722e-01  -2.8100790e-04   7.0474376e-04   4.6343275e-04
   7.3394305e-02  -1.7569988e-01   1.0085240e-01  -1.1527871e-03   3.8505453e-04   8.7130857e-04
   4.9261032e-02  -2.4301966e-01   1.4356366e-01   3.3544009e-04   4.8543243e-05   5.3485527e-04
   5.7633979e-02  -2.5778291e-01   8.1315632e-02  -6.4536594e-04   4.2646085e-04   4.7025475e-04
   5.2736670e-02  -1.9374297e-01   7.2646277e-02   1.3165274e-03   9.7108183e-04   6.9726158e-05
   6.6052135e-02  -1.7633831e-01   6.1633248e-02   1.1625279e-03   5.2835389e-04   2.1005826e-04
   6.0956808e-02  -2.0507605e-01   1.9538291e-02   1.2915578e-04   2.8627163e-04   3.3447534e-04
   6.2198423e-02  -1.6833976e-01   1.0941486e-01   1.5912175e-03   6.0910042e-04   2.4615932e-04
   6.8713485e-02  -1.0954486e-01   7.7576238e-02   1.5485813e-03   6.7280883e-04   3.8927281e-04
   7.1710791e-02  -1.0186660e-01   5.8434489e-02   7.7497763e-04   6.5316526e-04   3.9363022e-04
   7.6868667e-02  -1.3203572e-01   1.4101865e-01   3.6443309e-04   7.8594941e-04   4.7417509e-04
   8.6251057e-02  -1.8049211e-01   1.8782042e-01  -6.7821267e-04   8.3771281e-04   7.7934330e-04
   8.0312766e-02  -1.8130391e-01   1.4988078e-01  -1.8483264e-03   3.9429034e-04   8.2822162e-04
   7.9613218e-02  -1.7977589e-01   2.0092670e-01  -1.3871865e-03   4.4588128e-04   9.6674622e-04
   7.5927135e-02  -1.9478926e-01   1.5823563e-01  -7.7729951e-04   2.9359457e-04   6.7965345e-04
   6.5925564e-02  -2.1838484e-01   1.6235084e-02   1.2924571e-04   6.7029950e-04  -2.8653500e-04
   5.6321519e-02  -1.6536547e-01  -2.4939832e-02   1.0137739e-03   1.6738622e-03  -2.4389837e-04
   6.1017736e-02  -1.3920657e-01   8.4043396e-02   1.3156490e-03   1.5441681e-03  -1.4759922e-04
   7.4313298e-02  -1.6616237e-01  -2.0341385e-02   1.0510937e-04   1.6455431e-03   1.8997911e-05
   6.3902945e-02  -1.1422446e-01   1.7825085e-02   1.0131552e-03   1.4828783e-03   1.1607990e-04
   6.2631290e-02  -1.5384926e-01   7.1817761e-02   3.4318583e-04   1.3494463e-03   3.5677771e-04
   6.8442647e-02  -1.5996813e-01   7.3648316e-02  -4.6037848e-04   1.2448380e-03   6.8647452e-04
   7.5542974e-02  -1.8394697e-01   6.4697341e-02  -7.7431702e-04   1.0611273e-03   8.4814210e-04
   6.2697602e-02  -2.0191534e-01   8.7803294e-02  -5.1375174e-04   9.1497304e-04   7.3404817e-04
   6.5531699e-02  -1.9523888e-01   1.3480657e-01  -1.4492875e-04   9.4717127e-04   6.8289680e-04
   7.4238549e-02  -2.0361286e-01   7.7176783e-02  -8.6351280e-04   9.4945383e-04   9.0733021e-04
   7.8767007e-02  -2.1596938e-01   6.3492710e-02  -1.5916958e-03   7.0263233e-04   1.0670784e-03
   7.2322061e-02  -1.9942120e-01   9.6763665e-02  -6.6788655e-04   6.6821228e-04   7.0291473e-04
   6.6220124e-02  -2.0250378e-01   1.3022361e-01   5.5037772e-04   5.9204499e-04   4.0329219e-04
   5.6056516e-02  -1.8786547e-01   8.4385189e-02   1.0872818e-03   5.1195840e-04   2.3778470e-04
   5.7673496e-02  -2.0540543e-01   6.8558135e-02   1.4052100e-03   7.0590310e-04   2.0532078e-04
   3.7121119e-02  -1.9690984e-01  -8.9020783e-02   1.0661886e-03   8.1063368e-04  -3.0393164e-04
   5.3207797e-02  -1.3587753e-01   5.4641639e-02   2.2397589e-03   1.1608333e-03  -4.3466515e-04
   6.4697953e-02  -1.8066789e-01  -5.9528720e-03   4.3849991e-04   1.4426383e-03   6.1900357e-05
   7.9252793e-02  -1.8930301e-01   4.4752424e-02   3.3610599e-04   1.2515995e-03   2.8842053e-04
   7.4266800e-02  -1.8373621e-01   2.1963042e-02  -1.8375724e-04   1.3256861e-03   4.1005519e-04
   7.9264515e-02  -2.1272608e-01   1.6151378e-01   7.7695713e-04   1.3328925e-03   1.9525738e-04
   6.6009674e-02  -1.9331474e-01   1.0775838e-01   4.1223561e-04   1.0967057e-03   4.8737722e-04
   7.5738915e-02  -2.0608912e-01   1.2328347e-01   5.9780947e-05   1.0975388e-03   6.5989991e-04
   4.2708058e-02  -1.6428948e-01   2.3972809e-02   7.2301789e-04   1.5683939e-03   3.4173522e-04
   3.3109908e-02  -1.4545819e-01   1.0052927e-02   3.2312487e-03   1.4537171e-03   4.6992994e-05
   4.1792310e-02  -1.5315740e-01   4.2150271e-02   2.0555901e-03   1.3552125e-03  -1.0263702e-04
   3.6874877e-02  -9.0429587e-02  -2.1156333e-02   1.4992434e-03   1.4238792e-03  -1.8687109e-04
   5.5201509e-02  -1.3190383e-01   4.0496391e-02   1.6323246e-03   1.6729596e-03  -1.2563479e-04
   3.1560302e-02  -9.8792840e-02  -7.6582576e-03   2.3734237e-03   1.6234188e-03  -1.7477211e-04
   5.3857822e-02  -1.5220693e-01   4.2426591e-02   2.0409231e-03   1.6475734e-03   1.0819506e-04
   5.7198274e-02  -1.8191459e-01   9.0780091e-02   1.4445464e-03   1.3510144e-03   3.3041547e-04
   7.4622878e-02  -2.1671155e-01   2.5173322e-02   7.0682680e-05   1.2785284e-03   5.4789539e-04
   6.5712357e-02  -1.5407066e-01   4.0447344e-02   1.3230937e-03   1.1715785e-03   3.9669525e-04
   6.3471387e-02  -1.5437164e-01   7.5367454e-02   1.0996665e-03   1.0893698e-03   5.7559159e-04
   6.5399428e-02  -1.6862121e-01   7.4952068e-02   2.2994797e-04   1.0352754e-03   7.3081542e-04
   7.4272128e-02  -1.4003752e-01   4.0817174e-02   8.8463234e-04   9.6557438e-04   8.9374037e-04
   6.7103015e-02  -1.5165206e-01   6.2890794e-02   1.1886606e-03   1.0334939e-03   7.1709619e-04
   7.5985918e-02  -1.5161540e-01   7.5879317e-02   1.7452094e-03   9.2986596e-04   9.8422401e-04
   7.9892034e-02  -1.5508371e-01   5.7944595e-02   1.3298304e-03   8.1844775e-04   9.4129771e-04
   8.3032857e-02  -1.6778486e-01   3.4605662e-02   2.7210884e-04   7.2391794e-04   1.0200973e-03
   7.6696676e-02  -1.5443865e-01   5.5643106e-02   7.6728749e-04   7.3607832e-04   9.2504495e-04
   7.2920735e-02  -1.7856694e-01   5.7919835e-02   1.4445819e-03   8.4992134e-04   1.0635044e-03
   6.9403552e-02  -1.9384133e-01   1.0862198e-01   1.5117857e-03   8.8956333e-04   1.0795233e-03
   8.0409649e-02  -1.9667705e-01   9.0733778e-02   1.7553285e-03   9.2332787e-04   1.2691867e-03
   7.0625422e-02  -2.0480932e-01   8.0751577e-02   9.8669421e-04   8.5661674e-04   1.0211061e-03
   7.9334781e-02  -1.8973289e-01   1.0453921e-01   1.9769698e-03   9.8766507e-04   1.0958169e-03
   7.4720930e-02  -1.8225541e-01   9.0905008e-02   1.4056655e-03   7.9091446e-04   8.9513227e-04
   7.6067752e-02  -2.0071843e-01   3.4210857e-02   7.6441023e-04   8.1519347e-04   9.9890913e-04
   6.5391073e-02  -1.8146043e-01   9.6355232e-02   3.8444564e-04   3.1585897e-04   9.6800660e-04
   7.3179820e-02  -2.3794843e-01   9.2741572e-02   2.5647588e-03   1.4902491e-03   7.1651054e-04
  -4.8059281e-02  -3.2083874e-01   9.3164689e-02   2.6613698e-03   1.3393818e-03   8.8044290e-05
  -3.1553393e-02  -3.7105892e-01  -1.1765243e-01   2.1816872e-03   1.6048680e-03  -7.6950008e-04
   4.1132387e-02  -2.3253759e-01  -1.5286435e-01   3.6850367e-03   2.4198875e-03  -1.1875176e-03
   2.9438615e-02  -1.0805797e-01  -2.4837945e-01   7.9992929e-03   1.5408650e-03  -1.8478699e-03
   4.9374697e-02  -1.6091113e-01  -3.2171566e-01   7.1294032e-03   2.7403755e-03  -1.6031305e-03
   5.8330191e-02  -1.3084000e-01  -2.0285273e-01   5.9226415e-03   2.1839737e-03  -1.5084009e-03
   6.6626673e-02  -1.7393445e-01  -2.0464966e-01   4.5003730e-03   1.7471853e-03  -1.2172481e-03
   7.4805432e-02  -2.3414513e-01  -2.0901469e-02   5.2473824e-03   1.5624790e-03  -6.5111036e-04
   1.2298475e-01  -1.6416028e-01  -1.0766012e-01   7.3012085e-03   2.6225081e-03   2.4552668e-04
   1.0846317e-01  -1.5606156e-01  -1.1747816e-01   6.3629210e-03   2.0778617e-03   4.4013190e-04
   1.1260585e-01  -1.3009660e-01  -5.6245753e-02   6.7132751e-03   2.2549345e-03   2.0791931e-04
   9.8707441e-02  -1.3888217e-01  -1.2726785e-01   5.5965469e-03   1.9328372e-03  -2.4642599e-04
   1.0419427e-01  -1.4711652e-01  -1.6680057e-02   4.1444748e-03   1.9259354e-03   1.8426461e-06
   9.6095031e-02  -1.7806889e-01  -5.1509243e-02   3.7895002e-03   1.7913440e-03  -1.4451163e-05
   9.4908523e-02  -1.7362909e-01   3.4878252e-02   3.4117658e-03   1.3809702e-03   5.6753682e-04
   7.3169628e-02  -2.7181623e-01  -7.8527556e-03   4.0951198e-03   1.1402747e-03   1.1313009e-04
   8.4759803e-02  -2.1375190e-01  -7.6428115e-02   6.2737099e-03   1.1094629e-03   2.0909808e-04
   9.1964137e-02  -2.1096550e-01  -3.2592419e-02   4.6740029e-03   1.4767381e-03   2.3123760e-04
   9.3044585e-02  -2.0161767e-01  -1.5254449e-02   4.2025746e-03   1.6229971e-03   1.7827470e-04
   8.9733520e-02  -2.1688246e-01   7.9210437e-03   3.3571345e-03   1.4444461e-03   1.1795913e-04
   9.7428472e-02  -2.5650149e-01   1.2742032e-02   1.0974963e-03   1.3166501e-03   2.8905012e-04
   1.0157080e-01  -2.7400056e-01   1.0685167e-01   1.7547841e-03   1.2518047e-03   4.7727145e-04
   1.1262868e-01  -2.6673334e-01   1.3953694e-01   3.4773378e-03   7.3454534e-04   7.5620263e-04
   1.0480972e-01  -2.9135767e-01   1.1884198e-01   2.1532260e-03   5.3784445e-04   6.9929984e-04
   1.1765487e-01  -2.6169795e-01   1.3348684e-01   3.4600413e-03   1.0437013e-03   9.1583958e-04
   1.1397189e-01  -2.4966481e-01   6.3122851e-02   2.3457123e-03   5.5313518e-04   9.8912093e-04
   1.1196411e-01  -2.6623051e-01   6.9029466e-02   2.1110042e-03   9.1745453e-04   7.3787491e-04
   1.0267370e-01  -2.7050201e-01   7.4749856e-02   1.8709742e-03   8.8572679e-04   7.0936335e-04
   9.5144162e-02  -3.1478196e-01   7.4212628e-02   1.1317154e-03   8.1501189e-04   6.9154954e-04
   1.0875784e-01  -2.9913090e-01   7.5292297e-02   2.7307671e-03   7.3447034e-04   8.2705684e-04
   1.1998411e-01  -3.2016179e-01   1.4002677e-01   2.8982721e-03   6.2006751e-04   1.0224492e-03
   1.0682816e-01  -3.0255581e-01   1.2454849e-01   2.5716423e-03   2.5206374e-04   1.0956871e-03
   1.0514991e-01  -2.9826836e-01   8.0800560e-02   2.4799940e-03   6.7245303e-04   7.0559629e-04
   1.1104407e-01  -3.0350994e-01   1.7363504e-01   2.2131476e-03   8.0803516e-04   8.7460041e-04
   1.0832355e-01  -3.2551631e-01   8.4277051e-02   1.8377088e-03   9.2622420e-04   4.7076924e-04
   1.0766744e-01  -2.5909029e-01   1.3453360e-01   2.8603784e-03   5.4302545e-04   3.4512470e-04
   1.0760998e-01  -2.9127004e-01   1.6281534e-01   2.2035820e-03   8.1100604e-04   4.7191920e-04
   1.1266550e-01  -2.9300197e-01   1.4697469e-01   1.4647165e-03   6.6330681e-04   9.5430387e-04
   1.1264944e-01  -3.3744788e-01   1.4410152e-01   1.0018079e-04   9.4004117e-04   1.0490483e-03
   1.1078621e-01  -2.9641103e-01   1.7130016e-01   9.6986366e-04   1.0213508e-03   8.6846238e-04
   1.0537205e-01  -3.4274638e-01   2.0964435e-01   9.0027432e-04   9.7129906e-04   9.8934696e-04
   1.1075410e-01  -3.3923428e-01   1.7917653e-01   1.7054981e-03   8.3097613e-04   1.1780998e-03
   1.1628934e-01  -3.5151447e-01   2.0540144e-01   1.1049368e-03   6.7381394e-04   1.2163014e-03
   1.1546333e-01  -3.3320365e-01   1.6861109e-01   1.0728313e-03   3.7270252e-04   1.4506763e-03
   1.1361781e-01  -3.4837550e-01   2.1033141e-01   1.0341225e-03   4.6172590e-04   1.2049701e-03
   1.2758904e-01  -3.5218341e-01   1.9167946e-01   1.1313137e-03   7.5052800e-04   1.2689923e-03
   1.2742717e-01  -3.2432992e-01   2.0498398e-01   1.2198165e-03   6.7724325e-04   1.4642610e-03
   1.2926445e-01  -3.2289402e-01   1.8182511e-01   8.7534127e-04   6.7340607e-04   1.5517870e-03
   1.2861072e-01  -3.1855076e-01   2.0487407e-01   7.3036902e-04   8.0461128e-04   1.5626901e-03
   1.3180378e-01  -3.3410346e-01   2.2893857e-01   1.3172329e-03   6.7857815e-04   1.4426395e-03
   1.2642573e-01  -3.0010435e-01   1.7119587e-01   4.0835795e-04   4.2024689e-04   1.7274163e-03
   1.2968441e-01  -3.5040847e-01   2.6174954e-01   5.3034916e-04   5.5493848e-04   1.5530911e-03
   1.2773846e-01  -3.4884907e-01   1.6907626e-01  -4.5880073e-04  -3.0586745e-05   1.7237235e-03
   1.2354626e-01  -3.7059715e-01   1.5532744e-01   1.2129501e-04   3.6850689e-04   1.6353922e-03
   1.3823934e-01  -3.3120729e-01   1.6720015e-01   1.5936808e-03   3.6497785e-04   1.7816355e-03
   1.3729005e-01  -3.1344788e-01   1.9002068e-01   1.5920649e-03   2.4892948e-04   1.8508076e-03
   1.3577592e-01  -3.2311618e-01   1.8173506e-01   8.3975541e-04   8.4922141e-05   1.8624933e-03
   1.3696178e-01  -3.2910822e-01   1.6702131e-01   9.9081603e-04   3.3990706e-04   1.9035080e-03
   1.3961441e-01  -3.3028521e-01   2.2710235e-01   1.6546425e-03   3.4140803e-04   1.8246691e-03
   1.4150342e-01  -3.1478734e-01   9.9103525e-02   1.5052829e-03   5.1634594e-04   1.7758485e-03
   1.4367264e-01  -3.0805271e-01   1.5892593e-01   2.0148735e-03   4.7925534e-04   1.8704777e-03
   1.3215673e-01  -2.4163890e-01  -1.6089028e-02   4.8252397e-03   1.1083093e-03   1.4377418e-03
   1.3074217e-01  -1.7856474e-01  -2.3687272e-02   7.3568818e-03   1.7233270e-03   1.0997267e-03
   1.2914707e-01  -2.1361760e-01   1.1007432e-01   6.6121778e-03   1.6579264e-03   8.4249224e-04
   1.4456451e-01  -1.9399547e-01   7.8311224e-02   6.3828664e-03   1.4035548e-03   1.2340692e-03
   1.4632418e-01  -2.7329003e-01   8.1310814e-02   4.4420813e-03   1.3585651e-03   1.1401161e-03
   1.5285541e-01  -2.4764204e-01  -2.2470677e-02   5.2104719e-03   1.5379045e-03   1.3435719e-03
   1.5140582e-01  -2.0828668e-01   8.8632458e-02   7.1802167e-03   1.5183153e-03   1.2235483e-03
   1.5414682e-01  -1.9114143e-01   7.7246784e-02   5.8777899e-03   1.4370625e-03   1.6866486e-03
   1.4519365e-01  -2.7395689e-01   1.3920865e-01   5.1459859e-03   1.0794035e-03   1.5267651e-03
   1.2581798e-01  -2.6447219e-01   7.9825828e-02   6.0448173e-03   6.6656771e-04   1.5293888e-03
   1.4631863e-01  -2.3929563e-01   2.0379858e-01   7.2859446e-03   1.8960552e-03   2.3557820e-03
   1.4359271e-01  -2.5542405e-01   1.1409861e-01   6.2459251e-03   2.1625155e-03   1.9906529e-03
   1.1156150e-01  -2.3902769e-01   9.7490568e-02   5.5932102e-03   1.6927398e-03   1.2877938e-03
   1.2635658e-01  -2.7445438e-01   1.2084765e-01   5.4608725e-03   2.1829091e-03   1.4453771e-03
   1.3577529e-01  -2.9358609e-01   1.8926646e-01   4.0953426e-03   1.8699764e-03   1.8037095e-03
   1.3867491e-01  -2.9156245e-01   4.0947880e-02   3.0243516e-03   2.2689642e-03   1.7293883e-03
   1.8139129e-01  -2.3657065e-01   4.9058162e-01   9.2058626e-03   3.3979826e-03   2.1764102e-03
   1.3319392e-01  -1.9133344e-01   6.3775477e-01   1.1661476e-02   1.2212846e-03   1.9548921e-03
   1.2757020e-01  -1.0368558e-01   7.0528279e-01   7.7758211e-03   1.5866705e-03   2.0016364e-03
   1.4461912e-01  -1.4999815e-01   7.9257183e-01   6.9210751e-03   1.7309743e-03   1.9415750e-03
   1.4331694e-01  -1.3754090e-01   7.7576202e-01   5.6705886e-03   1.6077476e-03   1.8587226e-03
   1.4306282e-01  -2.0363678e-01   8.7428883e-01   5.1702102e-03   1.6708158e-03   2.0073338e-03
