   0.0000000e+00  -1.4210855e-14  -7.1054274e-15   0.0000000e+00   0.0000000e+00   6.0185311e-36
   5.5924009e-03   1.1452139e-02  -1.2693272e-02   3.9557709e-04  -6.8464568e-05   1.6135042e-04
   2.9741903e-02   7.2187449e-03  -1.2357782e-02   1.5274749e-04   3.2128724e-04   6.4716426e-04
   1.2124930e-03  -6.7348251e-03  -4.5023440e-02   5.2336818e-04  -2.8473816e-04   2.7040506e-04
  -1.6758254e-02  -4.5956430e-03  -1.2566157e-02   5.5324944e-04  -1.5612622e-04  -3.3956591e-04
   3.1960383e-03   8.6870300e-03   4.3935890e-03   1.0815026e-03   3.7702242e-04  -9.3908673e-05
   1.7311523e-02  -5.2782479e-03   3.0694835e-02   1.7441324e-03   9.1337996e-04   1.0526403e-04
   8.4985645e-03  -1.3364223e-02   4.0576324e-02   1.6031505e-03   7.7402827e-04   2.3954410e-04
  -4.9829774e-02  -2.6887026e-02   4.6019135e-02   1.8398423e-03  -4.8687399e-04  -7.5172062e-04
  -3.1871913e-02   7.8410020e-03   5.2849806e-02   2.2025348e-03  -2.2901958e-04  -4.9491239e-04
  -2.3877217e-02   2.1502469e-02   8.4062968e-02   2.8069598e-03   4.9857504e-04  -3.5894918e-04
  -4.0556865e-03  -1.5217544e-02   1.0917081e-01   2.6737535e-03   3.5679998e-04   1.5098345e-04
  -8.6345312e-03  -5.2023567e-02   1.5707280e-01   1.8380847e-03   2.0185977e-05   1.7681190e-04
   1.6643834e-02  -3.2444218e-02   1.6174584e-01   2.1188499e-03   3.3966199e-04   3.1390446e-04
   2.2041364e-02   3.0670121e-03   1.7050503e-01   2.4499299e-03   5.7762306e-04   6.1579925e-04
   4.9938030e-02   2.1230277e-02   1.6498904e-01   2.9661093e-03   7.3058445e-04   8.3337257e-04
   3.1649845e-02   1.8252728e-02   1.3921121e-01   3.0772796e-03   9.3150329e-04   5.6684392e-04
   3.0599040e-02   2.8389257e-02   1.2263756e-01   3.2733747e-03   1.0435920e-03   4.4534287e-04
   2.2380967e-02   4.6427688e-02   1.4113473e-01   3.1352313e-03   1.3308244e-03   3.7901711e-04
   5.5325395e-02   4.2852426e-02   1.6242695e-01   3.6758012e-03   1.6620751e-03   8.3153056e-04
   6.7981893e-02   3.3582557e-02   1.7237080e-01   3.3103913e-03   1.5666949e-03   9.9540210e-04
   8.8140069e-02   4.8382952e-02   1.8640909e-01   3.4029365e-03   2.1252446e-03   1.3963416e-03
   8.3979588e-02   6.3469691e-02   1.6932581e-01   3.7603279e-03   2.1227047e-03   1.1863393e-03
   7.9654349e-02   5.8312680e-02   2.1794915e-01   3.5950467e-03   2.3255716e-03   1.2322890e-03
   5.6366348e-02   4.1886365e-02   2.2939046e-01   3.3341999e-03   1.8887462e-03   1.0085346e-03
   4.1941610e-02   3.7228371e-02   2.2262538e-01   3.5020317e-03   1.5745419e-03   9.0449714e-04
   5.3326904e-02   5.7803715e-02   2.0142163e-01   3.8822232e-03   1.7184721e-03   8.8670981e-04
   6.7571348e-02   1.0134457e-01   2.0187250e-01   4.4294252e-03   1.9439629e-03   1.1413479e-03
   6.6077359e-02   7.8074443e-02   2.2514745e-01   3.9107678e-03   1.4146415e-03   9.2622546e-04
   6.1348302e-02   7.2853966e-02   2.3822609e-01   4.2522297e-03   1.5623463e-03   8.5932246e-04
   8.8468225e-02   1.2552506e-01   2.1952049e-01   4.7462890e-03   2.1395370e-03   1.2274760e-03
   8.2586262e-02   1.3061095e-01   2.4052044e-01   4.9142451e-03   2.1123566e-03   1.0330447e-03
   9.9441039e-02   1.2872272e-01   2.5125793e-01   5.3304428e-03   2.2150217e-03   1.2893074e-03
   6.7315677e-02   1.0362893e-01   2.6105862e-01   5.1128744e-03   1.8131814e-03   1.1123581e-03
   8.7402774e-02   1.3589884e-01   2.4260518e-01   5.5200303e-03   2.2852553e-03   1.4379089e-03
   7.5515724e-02   1.4614465e-01   2.3297451e-01   5.7028297e-03   2.3208639e-03   1.2007339e-03
   7.7329415e-02   1.2635487e-01   2.4978950e-01   5.7768693e-03   2.3664590e-03   1.2709719e-03
   6.2097606e-02   1.1231754e-01   2.6414063e-01   5.7523686e-03   2.1494504e-03   1.0746324e-03
   5.5015386e-02   1.0135884e-01   2.7886422e-01   5.9978644e-03   2.4255447e-03   8.6580783e-04
   6.0593689e-02   9.4270674e-02   3.0306631e-01   5.7274193e-03   2.6216547e-03   8.4580699e-04
   5.5146737e-02   7.8439693e-02   3.2132761e-01   5.7000625e-03   2.6476543e-03   9.2637613e-04
   5.3744042e-02   5.9493262e-02   3.0494774e-01   5.6340072e-03   2.4079583e-03   9.2949696e-04
   6.9773790e-02   5.3125227e-02   3.0350367e-01   5.5412192e-03   2.6170854e-03   1.1908390e-03
   6.8402555e-02   7.8744405e-02   2.9928197e-01   5.8735765e-03   2.5947316e-03   1.1616541e-03
   9.3160415e-02   9.7697563e-02   2.9805367e-01   6.2573235e-03   2.5597186e-03   1.4616712e-03
   8.8506527e-02   1.0102735e-01   3.0324796e-01   5.7338069e-03   3.0210664e-03   1.2936726e-03
   7.3470742e-02   8.9354340e-02   3.3076868e-01   5.8880489e-03   3.0713215e-03   1.1838799e-03
   7.6914457e-02   8.1044923e-02   3.2862105e-01   6.1429692e-03   3.1431583e-03   1.0459610e-03
   8.2165545e-02   6.2978530e-02   3.5567142e-01   6.0168204e-03   3.0819814e-03   1.2691706e-03
   9.6142615e-02   3.9648616e-02   3.4484879e-01   5.9969771e-03   3.1472335e-03   1.3633911e-03
   8.9775423e-02   5.2277023e-02   3.2442345e-01   6.1210376e-03   3.0420242e-03   1.3964127e-03
   8.5599930e-02   7.1697945e-02   3.2422983e-01   6.2632860e-03   3.2324338e-03   1.2992776e-03
   8.3004837e-02   7.3711970e-02   3.4546894e-01   6.4284536e-03   3.4588282e-03   1.2543606e-03
   7.9572811e-02   1.9152380e-02   3.7601544e-01   5.9046465e-03   3.1716553e-03   1.1414432e-03
   6.9638016e-02  -7.9756270e-03   3.5344318e-01   5.7974416e-03   3.0799436e-03   1.0790055e-03
   8.6232166e-02   3.9106279e-02   3.1973983e-01   6.2112861e-03   3.1477114e-03   1.3348482e-03
   9.3883790e-02   6.7351037e-02   3.2919815e-01   6.7572206e-03   3.5719780e-03   1.3757133e-03
   1.0917626e-01   5.0043508e-02   3.5193184e-01   6.4109775e-03   3.1603020e-03   1.5554524e-03
   6.5499645e-02   1.6866304e-02   3.5798931e-01   6.2723798e-03   2.9253597e-03   1.1090737e-03
   6.3935060e-02   4.2723509e-02   3.4382825e-01   6.7049498e-03   3.0358087e-03   1.0800528e-03
   6.4083759e-02   5.6211325e-02   3.4342716e-01   6.7210461e-03   3.3228897e-03   1.0348073e-03
   7.9451908e-02   5.4962994e-02   3.6551136e-01   6.7106093e-03   3.3628257e-03   1.2102886e-03
   6.0223884e-02   3.0574818e-02   3.4847073e-01   6.5313652e-03   2.9807699e-03   1.1070563e-03
   6.8167229e-02   6.1311403e-02   3.3807293e-01   6.7299641e-03   3.2498969e-03   1.1926149e-03
   6.6548293e-02   8.8697127e-02   3.2370559e-01   7.1414558e-03   3.2111936e-03   1.1501456e-03
   6.4845837e-02   6.8420806e-02   3.4671579e-01   7.1114196e-03   3.0238018e-03   1.2188866e-03
   4.5499191e-02   6.3585949e-02   3.3327354e-01   6.9008440e-03   2.9627841e-03   8.9982361e-04
   5.5391460e-02   1.0096355e-01   3.2621166e-01   7.4092902e-03   3.3181304e-03   1.0228709e-03
   5.8391075e-02   9.0681321e-02   3.3896171e-01   7.5933932e-03   3.4427752e-03   1.0483264e-03
   7.3841619e-02   5.0667567e-02   3.6861003e-01   7.4949856e-03   3.4691814e-03   1.1940938e-03
   7.7784134e-02   3.9684330e-02   3.5072650e-01   7.4808672e-03   3.3582341e-03   1.3105554e-03
   7.8357279e-02   3.1134273e-02   3.2904462e-01   7.1203715e-03   3.5101551e-03   1.3996127e-03
   8.3805834e-02   6.2644675e-02   3.3439468e-01   7.3181915e-03   3.6614482e-03   1.3988347e-03
   7.8534584e-02   5.7074357e-02   3.4988158e-01   7.8620053e-03   3.5894844e-03   1.2762435e-03
   6.9737669e-02   6.7024063e-02   3.3242112e-01   7.8604721e-03   3.3390998e-03   1.3138732e-03
   5.2619475e-02   5.0680680e-02   3.3137487e-01   7.5597751e-03   2.8865083e-03   9.7366369e-04
   7.0601764e-02   6.0686207e-02   3.2716503e-01   8.0772476e-03   3.0446306e-03   1.1820002e-03
   8.0395764e-02   6.5436459e-02   3.5329600e-01   8.4413189e-03   3.1431925e-03   1.3844081e-03
   9.1896996e-02   5.0723696e-02   3.6380255e-01   8.2716498e-03   3.1117429e-03   1.6740844e-03
   1.0306419e-01   4.0682462e-02   3.4828011e-01   8.2170469e-03   2.8993159e-03   1.8762439e-03
   9.1794931e-02   6.2171873e-02   3.6293921e-01   7.9677332e-03   3.3557419e-03   1.5095551e-03
   9.7406283e-02   5.7975855e-02   3.7035176e-01   8.2567189e-03   3.3784485e-03   1.4516041e-03
   9.2386212e-02   2.3993575e-02   3.7901758e-01   8.2503554e-03   3.2360172e-03   1.4676208e-03
   9.3502878e-02   2.6795593e-02   3.6034004e-01   8.0214204e-03   3.2134224e-03   1.5701331e-03
   9.7481161e-02   3.8074362e-02   3.7808521e-01   7.7388306e-03   3.6646317e-03   1.5051193e-03
   1.0837115e-01   4.9836134e-02   3.7102581e-01   7.8937180e-03   3.5386356e-03   1.5503318e-03
   1.3455252e-01   4.8242643e-02   3.8896384e-01   8.1940815e-03   3.8509017e-03   1.9093701e-03
   1.2362100e-01   2.1162039e-02   3.6512565e-01   7.6137358e-03   3.4836962e-03   2.0285612e-03
   1.3833267e-01   4.1644425e-02   3.5677939e-01   7.8419591e-03   3.6712248e-03   2.1998455e-03
   1.1785915e-01   6.2470264e-02   3.4239560e-01   8.3740768e-03   3.6055186e-03   1.8720373e-03
   1.1001066e-01   6.0270108e-02   3.8153305e-01   8.3080566e-03   3.4502531e-03   1.8755297e-03
   1.0343493e-01   4.1116319e-02   3.6547413e-01   7.9737677e-03   3.3285580e-03   1.9218775e-03
   1.2848007e-01   3.9114105e-02   3.6059612e-01   7.8901875e-03   3.8135043e-03   2.0518540e-03
   1.3106885e-01   6.0300023e-02   3.6457563e-01   8.1191552e-03   3.6689840e-03   2.0233187e-03
   1.3778636e-01   3.9861849e-02   4.0274471e-01   8.1827512e-03   3.5609669e-03   2.1281294e-03
   1.2749292e-01   3.1811577e-02   3.5850785e-01   8.4509193e-03   3.3310891e-03   2.1591949e-03
   1.0299389e-01   4.4828145e-02   3.5123809e-01   8.4490741e-03   3.3689083e-03   2.0014750e-03
   1.2371148e-01   7.7771426e-02   3.3579634e-01   8.5718628e-03   3.4401522e-03   2.0706676e-03
   1.2642981e-01   6.1371134e-02   3.7363671e-01   8.5556118e-03   3.5199729e-03   2.1420609e-03
   1.3945120e-01   3.5694468e-03   3.7529239e-01   8.3689294e-03   3.4331135e-03   2.3001888e-03
   1.3442864e-01  -1.8274629e-02   3.8226868e-01   8.6857327e-03   3.2748007e-03   2.2989594e-03
   1.3506168e-01  -1.5411392e-02   3.7966436e-01   8.8483073e-03   3.6237573e-03   2.3871175e-03
   1.1799213e-01  -6.1112718e-04   3.6677729e-01   8.8992597e-03   3.6051205e-03   2.1455570e-03
   1.2522902e-01   1.5154652e-02   3.6063545e-01   8.8541414e-03   3.9792337e-03   2.3293286e-03
   1.1659413e-01   6.5355843e-03   3.4447607e-01   8.6257244e-03   3.9580281e-03   2.1131695e-03
   1.1912890e-01   9.4325371e-03   3.7896209e-01   8.6767639e-03   4.2655991e-03   2.0388942e-03
   1.2267636e-01  -9.9202152e-03   3.8523328e-01   8.8868659e-03   3.9863712e-03   2.0444348e-03
   1.3280951e-01  -4.3666042e-02   3.8528994e-01   8.7282703e-03   3.8945110e-03   2.3401665e-03
   1.3103493e-01  -2.9702133e-02   3.4831461e-01   8.3806068e-03   3.7216930e-03   2.4706638e-03
   1.3592023e-01   1.4410543e-02   3.6579821e-01   8.5697524e-03   4.1306172e-03   2.3952697e-03
   1.3317872e-01   1.2192413e-02   3.6592256e-01   8.7449095e-03   3.9989410e-03   2.2964386e-03
   1.1770735e-01  -3.8467069e-02   3.6976444e-01   8.4374842e-03   3.4417958e-03   2.2455653e-03
   1.1642578e-01  -3.7332591e-02   3.2043257e-01   8.3616210e-03   3.3503173e-03   2.2368092e-03
   1.2814416e-01   2.6492741e-02   3.2213510e-01   8.6057625e-03   3.6980115e-03   2.3627319e-03
   1.1195173e-01   2.7706128e-02   3.4828335e-01   8.7768691e-03   3.7222403e-03   2.1371861e-03
   1.2239001e-01  -1.3721770e-02   3.8497670e-01   8.8807827e-03   3.9372778e-03   2.0996744e-03
   1.2192218e-01  -3.9330138e-02   3.7308956e-01   8.6898373e-03   3.4940937e-03   2.3206681e-03
   1.2882544e-01  -2.8650684e-02   3.8901216e-01   8.7252244e-03   3.5876452e-03   2.2444636e-03
   1.4189591e-01  -6.9174520e-03   3.7524939e-01   8.6448577e-03   3.9439551e-03   2.3573462e-03
   1.2911949e-01  -3.9767013e-02   3.9387022e-01   8.3010134e-03   3.8060738e-03   2.2313584e-03
   1.0535340e-01  -4.8984056e-02   3.4860025e-01   8.3748273e-03   3.3535242e-03   2.1346083e-03
   9.5550744e-02  -4.9790454e-02   3.5708970e-01   8.6326398e-03   3.0576491e-03   2.0209946e-03
   1.0754294e-01  -3.0800265e-02   3.3786365e-01   9.2069695e-03   3.2179919e-03   2.2378209e-03
   1.1957679e-01  -3.9440541e-02   3.5011871e-01   8.7398476e-03   3.4127550e-03   2.3264224e-03
   1.2025432e-01  -4.6285397e-02   3.7139697e-01   8.4524566e-03   3.3805767e-03   2.3131717e-03
   1.0904407e-01  -5.0630886e-02   3.8153617e-01   8.2197161e-03   3.4316173e-03   2.2790547e-03
   1.2685362e-01  -3.4090408e-02   3.9884979e-01   8.5762228e-03   3.5291161e-03   2.4881207e-03
   1.1991184e-01  -5.4640755e-02   4.2614289e-01   8.8116183e-03   3.6312556e-03   2.5099406e-03
   1.4464125e-01  -4.9619132e-02   3.8357200e-01   8.9409937e-03   3.1911370e-03   2.9416598e-03
   1.3670722e-01  -4.0122131e-02   3.4850815e-01   8.8515499e-03   3.1114129e-03   2.9617439e-03
   1.4505050e-01   5.3167593e-03   3.6822495e-01   8.7508392e-03   3.6209795e-03   2.9380176e-03
   1.4698945e-01   1.1213267e-02   3.7655252e-01   9.0736688e-03   3.5151584e-03   2.8899170e-03
   1.4210908e-01  -2.6170551e-02   3.9178283e-01   9.0132205e-03   3.2446903e-03   2.9916303e-03
   1.3726969e-01   4.4010575e-03   3.6731809e-01   8.6662786e-03   3.1186455e-03   2.9644391e-03
   1.3837186e-01   1.1008881e-02   4.0503524e-01   8.4244978e-03   3.5507388e-03   2.8180900e-03
   1.2680232e-01  -1.0608867e-02   4.1298645e-01   8.3094506e-03   3.4645445e-03   2.7261837e-03
   1.3755939e-01  -8.8608452e-03   4.1933458e-01   8.5906491e-03   3.5939723e-03   2.9330330e-03
   1.4823653e-01  -1.3963512e-02   3.8364534e-01   8.6435810e-03   3.3469105e-03   3.1017232e-03
   1.6954245e-01   4.8090803e-03   4.1114533e-01   8.6768864e-03   3.5799207e-03   3.5194747e-03
   1.6333774e-01  -1.2816068e-04   4.3134833e-01   8.3137677e-03   3.5959681e-03   3.4218190e-03
   1.6596730e-01  -3.2864829e-02   4.3371091e-01   8.3650926e-03   3.4497657e-03   3.5234586e-03
   1.6679414e-01  -5.4124092e-02   4.1283828e-01   8.2267478e-03   3.0931948e-03   3.6266780e-03
   1.6702815e-01  -4.8306273e-02   3.9274941e-01   8.1352168e-03   3.5017393e-03   3.4337391e-03
   1.8375694e-01  -2.1832784e-02   3.7914794e-01   8.4297629e-03   3.6843455e-03   3.8085884e-03
   1.8040987e-01  -3.1914731e-02   3.9280046e-01   8.6729594e-03   3.5970385e-03   3.8753996e-03
   1.8345888e-01  -4.9347974e-02   3.8865252e-01   8.7292940e-03   3.2528486e-03   4.1291445e-03
   1.8510788e-01  -5.3375893e-02   3.8018849e-01   8.8000793e-03   3.1208769e-03   4.2136611e-03
   1.8964816e-01  -3.4450847e-02   3.6825695e-01   9.0910766e-03   3.4632546e-03   4.1434210e-03
   1.7542698e-01  -3.3670699e-02   3.7514997e-01   9.3202798e-03   3.5526471e-03   3.9799703e-03
   1.6791845e-01  -7.8569089e-02   3.8342171e-01   9.1265971e-03   3.3047618e-03   4.0580402e-03
   1.4761107e-01  -1.0298309e-01   3.8256689e-01   8.9315898e-03   3.1134793e-03   3.7879126e-03
   1.4633535e-01  -1.0514601e-01   3.5539119e-01   8.6970614e-03   3.2317930e-03   3.6706769e-03
   1.3329428e-01  -1.0118277e-01   3.3494816e-01   8.6598354e-03   3.3441646e-03   3.3515095e-03
   1.4037945e-01  -1.2732562e-01   3.7784698e-01   8.3300569e-03   3.2993349e-03   3.4502414e-03
   1.3512822e-01  -1.2337684e-01   3.7234946e-01   8.2367845e-03   3.3588419e-03   3.5047042e-03
   1.4135075e-01  -1.2275583e-01   3.7452310e-01   8.1808852e-03   3.5479910e-03   3.6145562e-03
   1.3509493e-01  -1.1503760e-01   3.8378287e-01   8.1613934e-03   3.4952825e-03   3.6401637e-03
   1.3799414e-01  -1.1993361e-01   3.9051760e-01   8.4691526e-03   3.3061957e-03   3.7953052e-03
   1.5427728e-01  -1.3335392e-01   3.9708376e-01   8.1270795e-03   3.5709625e-03   3.9869615e-03
   1.6156794e-01  -1.4035472e-01   3.9056113e-01   8.1074735e-03   3.8640507e-03   4.0536225e-03
   1.5276791e-01  -1.3722423e-01   3.9056208e-01   8.1774994e-03   3.7837849e-03   3.9746930e-03
   1.6166789e-01  -1.3514385e-01   3.9855051e-01   8.4943809e-03   3.8844577e-03   4.0104863e-03
   1.6534572e-01  -1.5424702e-01   3.8099362e-01   7.9580292e-03   3.6578814e-03   4.2210999e-03
   1.7293659e-01  -1.3582836e-01   3.7308675e-01   8.0188340e-03   3.9908961e-03   4.2479147e-03
   1.8913419e-01  -1.2583743e-01   3.4996963e-01   8.3108153e-03   3.9057683e-03   4.3391941e-03
   1.8504716e-01  -1.4070959e-01   3.7537802e-01   8.0466243e-03   4.0205102e-03   4.2758944e-03
   1.6948819e-01  -1.4719011e-01   4.0095750e-01   7.9971665e-03   3.8140635e-03   4.2387841e-03
   1.4524076e-01  -1.6352875e-01   3.7864235e-01   8.0770663e-03   3.5954704e-03   3.7084991e-03
   1.5774914e-01  -1.2664043e-01   3.5779491e-01   8.2039252e-03   3.5706085e-03   3.8102160e-03
   1.6699283e-01  -1.0851053e-01   3.4873426e-01   8.4066007e-03   3.6993497e-03   4.0204838e-03
   1.4531152e-01  -1.0839102e-01   3.7406392e-01   8.9203259e-03   2.9735115e-03   3.7629112e-03
   1.2226818e-01  -1.2679791e-01   3.7244106e-01   9.2656994e-03   2.1242205e-03   3.6167993e-03
   1.4487286e-01  -1.1302215e-01   2.8718046e-01   8.7988309e-03   2.4779751e-03   4.1931740e-03
   1.6502227e-01  -1.0357673e-01   3.3264797e-01   9.1847258e-03   3.2415863e-03   4.4910112e-03
   1.7896240e-01  -1.1541817e-01   3.4398740e-01   9.0002843e-03   2.8952319e-03   4.7910816e-03
   1.9524628e-01  -1.4531872e-01   3.7190184e-01   8.3718840e-03   3.4821327e-03   4.9731031e-03
   2.0548912e-01  -1.4280848e-01   3.5890663e-01   8.4299599e-03   3.8925828e-03   5.0155921e-03
   1.9246015e-01  -1.3279342e-01   3.5859224e-01   8.4644181e-03   3.8676007e-03   4.7906143e-03
   1.7857144e-01  -1.4732427e-01   3.5127424e-01   8.6648392e-03   3.5644839e-03   4.8411217e-03
   1.9336046e-01  -1.5826156e-01   3.4600100e-01   8.2300521e-03   3.8207265e-03   4.8708571e-03
   2.0173331e-01  -1.5279610e-01   3.3248042e-01   8.1380094e-03   3.8549273e-03   5.0595725e-03
   2.0335310e-01  -1.5033483e-01   3.2575381e-01   8.2031062e-03   3.9887126e-03   4.9413488e-03
   2.1689457e-01  -1.6469895e-01   3.6726666e-01   8.6191881e-03   3.8942301e-03   5.2842357e-03
   2.1345734e-01  -2.1348705e-01   3.6649484e-01   8.0827934e-03   3.4889080e-03   5.3283599e-03
   2.3258011e-01  -2.0223102e-01   3.0931140e-01   8.3206203e-03   3.6888651e-03   5.6035581e-03
   2.1134092e-01  -1.6054115e-01   3.0473922e-01   8.2660585e-03   3.7428606e-03   5.2494809e-03
   2.2194947e-01  -1.5772226e-01   3.2391786e-01   8.5056708e-03   4.0407229e-03   5.2636815e-03
   2.1200471e-01  -1.8874574e-01   3.4225565e-01   8.3699356e-03   3.8917414e-03   5.2230003e-03
   2.0636287e-01  -2.2108372e-01   3.5216314e-01   7.8263925e-03   3.8753371e-03   5.1422547e-03
   2.0982492e-01  -2.1076127e-01   3.2549438e-01   8.2844849e-03   3.6774046e-03   5.0854498e-03
   2.1124070e-01  -2.1935896e-01   3.4000881e-01   7.9335050e-03   3.7915178e-03   5.2236684e-03
   2.1479086e-01  -2.1768859e-01   3.3898956e-01   7.9331846e-03   4.0166541e-03   5.3763960e-03
   2.1325632e-01  -2.2250437e-01   3.1231102e-01   7.9575220e-03   3.7209326e-03   5.3502990e-03
   2.0552289e-01  -2.1214894e-01   2.9293162e-01   8.2410238e-03   3.5495177e-03   5.3853294e-03
   1.9888604e-01  -2.0501768e-01   3.2839424e-01   7.7538036e-03   3.6916490e-03   5.1598218e-03
   2.0555482e-01  -2.1298946e-01   3.3649502e-01   8.0900794e-03   3.9051613e-03   5.3042111e-03
   1.9126278e-01  -2.2384852e-01   3.4123642e-01   7.8798311e-03   3.5618602e-03   5.2159745e-03
   1.9384066e-01  -2.3190916e-01   3.6097012e-01   7.6618279e-03   3.9151592e-03   5.1110419e-03
   2.0113095e-01  -2.2189973e-01   3.3756356e-01   7.4953966e-03   3.8901850e-03   5.2277766e-03
   2.0224814e-01  -2.2907930e-01   3.6031812e-01   7.5747498e-03   4.0782053e-03   5.2990277e-03
   1.9652052e-01  -2.4392121e-01   3.5027732e-01   7.2388524e-03   4.0004384e-03   5.3976353e-03
   1.9777732e-01  -2.4199121e-01   3.6248037e-01   7.0800089e-03   4.2962910e-03   5.2691167e-03
   2.0203839e-01  -2.2766811e-01   3.5882615e-01   6.9133903e-03   4.1637525e-03   5.3067646e-03
   2.2137138e-01  -2.1962255e-01   3.6915832e-01   7.1965390e-03   4.1375631e-03   5.5605865e-03
   1.9913460e-01  -2.3313477e-01   3.3001915e-01   7.4205859e-03   3.8589262e-03   5.5959824e-03
   2.2371363e-01  -2.5415547e-01   3.4874042e-01   7.5519265e-03   4.0825266e-03   5.5844083e-03
   1.7479482e-01  -1.9939690e-01   2.7651959e-01   7.1293955e-03   2.8465561e-03   5.9066591e-03
   1.2221706e-01  -2.4849379e-01   3.2279201e-01   5.8182740e-03   2.2357067e-03   5.0395921e-03
   1.0770064e-01  -2.6031488e-01   3.1273772e-01   6.1665684e-03   2.7299798e-03   4.7620077e-03
   1.2055077e-01  -2.4485439e-01   3.0079447e-01   6.1312432e-03   2.9436817e-03   5.0968055e-03
   1.5600116e-01  -2.4292120e-01   3.2489017e-01   6.7294871e-03   3.5636583e-03   5.4650119e-03
   1.6564912e-01  -2.6234170e-01   3.5634745e-01   6.8423128e-03   3.6603277e-03   5.4771998e-03
   1.6525613e-01  -2.5551574e-01   3.1979416e-01   7.1390249e-03   3.3994919e-03   5.6588036e-03
   1.6336594e-01  -2.5455145e-01   3.3225647e-01   6.6893197e-03   3.6571690e-03   5.8166504e-03
   1.7542413e-01  -2.7944996e-01   3.5637675e-01   6.3343076e-03   4.1249591e-03   5.8428382e-03
   1.5843744e-01  -2.9847493e-01   3.6044665e-01   6.3388443e-03   4.0546353e-03   5.6118042e-03
   1.5213072e-01  -2.9435091e-01   3.5031489e-01   6.3391245e-03   3.6086073e-03   5.6238512e-03
   1.3631506e-01  -2.9144541e-01   3.5976119e-01   5.9853896e-03   3.6013111e-03   5.2871281e-03
   1.4200095e-01  -2.6402328e-01   3.6078539e-01   5.9160619e-03   3.7503253e-03   5.3288279e-03
   1.3857925e-01  -2.5953356e-01   3.8438940e-01   5.6953149e-03   3.9729694e-03   5.0484968e-03
   1.4039835e-01  -2.4823052e-01   3.8081507e-01   5.8492186e-03   4.0540766e-03   5.2325270e-03
   1.4950067e-01  -2.6057661e-01   3.9783833e-01   5.5894411e-03   4.4167193e-03   5.1861748e-03
   1.5734116e-01  -2.3597125e-01   3.9233396e-01   5.8108942e-03   4.7063549e-03   5.2397537e-03
   1.4180935e-01  -2.3586417e-01   3.8301383e-01   5.5311539e-03   4.3748677e-03   4.9746053e-03
   1.4311532e-01  -2.5057985e-01   3.9231242e-01   5.6992060e-03   4.4495110e-03   5.1440767e-03
   1.5502309e-01  -2.5352245e-01   3.9935606e-01   6.0726452e-03   4.7014340e-03   5.0858246e-03
   1.7805589e-01  -2.4431603e-01   4.2180095e-01   6.2536632e-03   5.0138880e-03   5.5259594e-03
   1.6583857e-01  -2.6927787e-01   4.4786342e-01   5.7892575e-03   5.1757448e-03   5.2582198e-03
   1.6854526e-01  -2.9523198e-01   4.7457586e-01   5.9845760e-03   4.7619128e-03   5.4918189e-03
   1.3917215e-01  -3.0212573e-01   5.4402270e-01   7.0550566e-03   4.1382495e-03   5.0334780e-03
   1.4547832e-01  -2.6260770e-01   4.3676531e-01   7.0879729e-03   5.7557168e-03   4.6239109e-03
   1.4326697e-01  -2.6457083e-01   4.2604666e-01   6.6021080e-03   5.7915721e-03   4.9083835e-03
   1.4843292e-01  -2.7002839e-01   4.5052780e-01   6.5386755e-03   5.9867288e-03   4.9783832e-03
   1.4945700e-01  -2.9163023e-01   4.6518992e-01   6.4659807e-03   5.8128925e-03   5.1573436e-03
   1.6151439e-01  -2.8984239e-01   4.8656236e-01   6.0515016e-03   5.8733836e-03   5.3284529e-03
   1.3108724e-01  -2.6811455e-01   4.8301366e-01   6.1827033e-03   5.6389054e-03   5.0394094e-03
   1.5229657e-01  -2.6525354e-01   5.0705059e-01   6.0313909e-03   5.6671599e-03   5.1948433e-03
   1.3464977e-01  -2.8447482e-01   4.9837952e-01   6.1338904e-03   5.3899933e-03   5.1346932e-03
   1.1282174e-01  -2.5357625e-01   4.4869948e-01   6.0568327e-03   5.4072799e-03   4.6670305e-03
   1.1721243e-01  -2.5903072e-01   4.5665940e-01   5.4972126e-03   6.0807483e-03   4.7215545e-03
   1.1832226e-01  -2.6640080e-01   4.5980274e-01   5.5240673e-03   6.4580889e-03   4.7378193e-03
   1.2380167e-01  -2.9695293e-01   4.7716508e-01   5.3997157e-03   6.1343309e-03   4.9062201e-03
   1.4221216e-01  -3.2377279e-01   4.9147105e-01   5.8638169e-03   6.3291354e-03   5.0407111e-03
   1.4847939e-01  -3.0521255e-01   4.8267636e-01   6.0886190e-03   6.3981043e-03   5.2445279e-03
   1.1920574e-01  -2.9965808e-01   4.9904135e-01   5.9569936e-03   6.1652466e-03   4.8989230e-03
   1.0251400e-01  -2.9593755e-01   4.8156036e-01   6.3281484e-03   5.9186266e-03   4.7870521e-03
   1.1302386e-01  -3.4148965e-01   4.8797401e-01   5.6357131e-03   6.2891716e-03   4.7792160e-03
   1.1766306e-01  -3.1369770e-01   4.8303446e-01   6.0496600e-03   6.7560534e-03   4.9106453e-03
   1.2253585e-01  -2.9346146e-01   5.0475415e-01   5.7990890e-03   6.9405425e-03   4.8855177e-03
   1.4942998e-01  -3.2342308e-01   5.3093632e-01   5.9646320e-03   7.0454030e-03   5.3471634e-03
   1.6474350e-01  -3.4729209e-01   5.1349803e-01   5.6087620e-03   6.6367856e-03   5.7057846e-03
   1.8116249e-01  -3.2346332e-01   4.7415530e-01   5.6385129e-03   6.7153362e-03   5.9499573e-03
   1.8310546e-01  -2.9366285e-01   4.7601708e-01   5.5267547e-03   6.9224022e-03   5.8724558e-03
   1.8477200e-01  -2.9915913e-01   4.6030442e-01   5.7024737e-03   7.1758056e-03   5.8371228e-03
   1.6227458e-01  -3.2605528e-01   4.5996614e-01   5.7115502e-03   6.6420770e-03   5.7905681e-03
   1.6567125e-01  -3.0205524e-01   4.6509577e-01   5.9164492e-03   6.8709458e-03   5.8659738e-03
   1.6091719e-01  -2.5656276e-01   4.3437032e-01   6.1067653e-03   6.7465587e-03   5.8491895e-03
   1.5650056e-01  -2.7357478e-01   4.6159280e-01   6.0806157e-03   6.7213871e-03   5.7274091e-03
   1.7040162e-01  -3.0059637e-01   4.5705745e-01   5.9310410e-03   6.6720890e-03   5.9237536e-03
   1.7684912e-01  -3.0905047e-01   4.5080614e-01   5.7575710e-03   7.0110622e-03   5.8469870e-03
   1.7828396e-01  -3.0752752e-01   4.5267437e-01   5.2056061e-03   6.9462414e-03   5.7447940e-03
   1.6770623e-01  -3.0649006e-01   4.5614033e-01   5.7724685e-03   6.7762810e-03   5.5540307e-03
   1.7163835e-01  -3.5880532e-01   4.4361030e-01   5.5166126e-03   6.6088082e-03   5.8963296e-03
   8.6856701e-02  -3.4752117e-01   3.1551202e-01   6.1603476e-03   5.9161337e-03   5.1050731e-03
   2.6884066e-02  -2.8361707e-01   3.2766991e-01   6.6232780e-03   5.3139192e-03   4.0929021e-03
   4.0298337e-02  -3.0610444e-01   4.0608250e-01   6.1130075e-03   6.4496836e-03   3.8290451e-03
   4.3008364e-02  -3.4266197e-01   4.0229543e-01   5.9921186e-03   6.3569566e-03   3.9158103e-03
   5.1791428e-02  -3.9386111e-01   4.5340955e-01   5.6547315e-03   6.8997950e-03   3.8160836e-03
   6.6907419e-02  -3.7867934e-01   4.4575840e-01   5.6699918e-03   6.7707848e-03   4.0638364e-03
   9.6771019e-02  -3.9578990e-01   4.4772289e-01   5.6100526e-03   7.1255879e-03   4.4709768e-03
   7.5241451e-02  -3.7968845e-01   4.2107582e-01   6.0820835e-03   6.0177498e-03   4.5238432e-03
   7.6485986e-02  -3.8865838e-01   4.6865594e-01   5.5534555e-03   6.2656303e-03   4.4765463e-03
   7.9163250e-02  -3.7117898e-01   4.5489607e-01   5.6429343e-03   6.1209349e-03   4.6090904e-03
   8.9058570e-02  -4.0280517e-01   4.6147679e-01   5.6770034e-03   6.5856368e-03   4.4144419e-03
   1.0925694e-01  -3.7703856e-01   5.0022592e-01   5.8979752e-03   7.0480969e-03   4.9275337e-03
   1.1196923e-01  -4.5442462e-01   5.0525719e-01   5.2165420e-03   6.7262983e-03   4.8520081e-03
   1.2010563e-01  -4.1871206e-01   4.8999411e-01   5.2074414e-03   7.1365101e-03   5.1015154e-03
   1.1260496e-01  -4.6028293e-01   4.9482842e-01   4.5957069e-03   7.0786360e-03   4.6013382e-03
   1.2176519e-01  -4.1410879e-01   4.6336993e-01   5.1093707e-03   7.1006599e-03   4.8248662e-03
   1.2024511e-01  -4.2953065e-01   4.8893728e-01   5.3453011e-03   6.9797839e-03   4.7970389e-03
   1.2483828e-01  -3.3848683e-01   4.6423756e-01   5.0603297e-03   7.4781075e-03   4.9403224e-03
   1.8562123e-01  -4.8996709e-01   5.4760125e-01   6.3278106e-03   7.2769427e-03   5.3039947e-03
   2.3768014e-01  -4.0206451e-01   6.1874565e-01   9.0254142e-03   5.6054931e-03   6.7251806e-03
   1.5788188e-01  -1.9469625e-01   5.5451959e-01   1.2760142e-02   6.0582942e-03   3.9797530e-03
   1.5378215e-01  -2.8978795e-01   5.9435426e-01   1.1388665e-02   8.3821600e-03   2.2814351e-03
   1.6687570e-01  -2.2578297e-01   5.6292776e-01   9.6514672e-03   7.9931082e-03   3.1600958e-03
   1.9567967e-01  -3.0442468e-01   6.5591284e-01   8.7196641e-03   8.4564150e-03   3.3398341e-03
   1.9017612e-01  -2.9677579e-01   7.1723264e-01   8.2464078e-03   8.1678159e-03   3.8860492e-03
   1.8070704e-01  -3.9077271e-01   7.4530827e-01   7.1317860e-03   7.8122854e-03   3.7703471e-03
