  -1.4210855e-14  -1.4210855e-14  -7.1054274e-15  -6.1629758e-33  -1.2325952e-32  -2.4651903e-32
   1.9608527e-02  -7.0044393e-02   8.7252060e-02  -1.2843536e-03  -1.3168880e-04   2.9383106e-04
   6.8346939e-02  -4.5584764e-02   7.8024380e-02  -7.8258458e-04   4.0704512e-05   5.8880289e-04
   4.3174800e-02  -4.6163557e-02  -2.0511143e-02   9.2852417e-04  -7.6361476e-04   5.3468042e-05
   9.7757149e-02  -1.6054983e-01   7.3239817e-02   1.0168352e-03  -4.0229527e-04   8.8658486e-04
   1.3568868e-01  -1.6382518e-01   2.1149702e-01  -4.1635961e-04   1.0701009e-03   1.1426443e-03
   2.0334206e-01  -2.1611295e-01   2.9375558e-01  -3.2864656e-03   2.8776165e-04   2.0171658e-03
   2.2095343e-01  -2.8921627e-01   3.3287019e-01  -4.2396680e-03  -1.6152453e-04   2.0706939e-03
   2.2088812e-01  -2.7793605e-01   2.9945803e-01  -3.2376354e-03  -1.0162389e-03   2.3090283e-03
   2.6610512e-01  -2.8454310e-01   3.2727954e-01  -4.4599507e-03  -7.5221319e-04   2.7508314e-03
   3.0715931e-01  -2.9781585e-01   3.8183939e-01  -5.1494913e-03  -6.0413267e-04   3.4919277e-03
   2.8290152e-01  -2.1250321e-01   1.3950954e-01   2.1990838e-04  -2.9153980e-04   2.4718882e-03
   3.0489006e-01  -2.0720009e-01   2.7208464e-01   1.0972222e-04  -1.2092321e-03   3.3392198e-03
   2.9345145e-01  -4.8189815e-01   3.2322808e-02   3.2094747e-04  -2.1039137e-03   2.7381507e-03
   3.5162968e-01  -3.9432195e-01  -2.1488397e-04  -1.7592795e-03  -1.6577536e-03   3.0573216e-03
   3.6976983e-01  -2.2390880e-01   1.2258273e-01  -4.0482742e-03  -1.4485667e-03   2.6025076e-03
   3.4897958e-01  -2.9568611e-01   1.4802577e-01  -4.7380565e-03  -2.8171923e-04   1.3544789e-03
   3.4050427e-01  -2.9681934e-01   1.0229537e-01  -3.3626910e-03  -1.1107647e-03   1.5355045e-03
   3.5616815e-01  -3.2188446e-01   6.9578769e-02  -4.7464150e-03  -1.1400391e-03   1.8884275e-03
   3.1964112e-01  -3.3742460e-01   1.9545984e-01  -8.1336629e-03  -4.1311773e-04  -6.9018906e-06
   3.0614024e-01  -4.5006924e-01   2.2517033e-01  -7.9731821e-03  -1.0061741e-03   2.7327422e-04
   2.6721111e-01  -3.1432381e-01   1.4168499e-01  -5.5350839e-03  -1.7328158e-03   1.1982567e-04
   3.2183851e-01  -3.7318858e-01   1.5073518e-01  -6.3485174e-03  -1.5555982e-03   6.2158914e-04
   3.2302175e-01  -3.6083047e-01   1.8804335e-01  -9.0172618e-03  -1.2151572e-03   4.7990846e-04
   2.6832854e-01  -2.9606739e-01   1.2324776e-02  -5.0694736e-03  -1.5284913e-03  -1.8158548e-04
   2.8452168e-01  -1.6164552e-01  -2.5092342e-01   5.8434948e-04  -1.2362494e-03   6.1725388e-04
   2.9366701e-01  -1.5941914e-01  -1.1689224e-01  -4.3263885e-04  -1.3286015e-03   3.0665911e-04
   3.0352377e-01  -1.2664021e-01  -1.0289330e-01  -1.6084085e-03  -1.0514244e-03   1.3448000e-05
   2.4875126e-01  -1.6925681e-01  -6.1549871e-02  -2.3252636e-03  -1.5299963e-03  -1.1658159e-03
   2.9435649e-01  -1.6000639e-01  -1.8540855e-01  -1.0702367e-03  -1.8944745e-03  -2.0612866e-04
   2.8114966e-01  -1.4023815e-01  -1.5666374e-01  -1.0223215e-03  -2.3866293e-03  -4.2325254e-05
   3.3699140e-01  -1.4765130e-01  -1.5732750e-01  -2.2651600e-03  -2.4031769e-03   5.2667240e-04
   3.2506252e-01  -2.1920769e-01  -3.1074002e-01  -1.1395193e-03  -3.0249784e-03   6.7605380e-05
   3.2647600e-01  -1.9769995e-01  -2.7776936e-01   1.7008026e-04  -3.6337213e-03   1.0560896e-03
   3.1274260e-01  -2.3149355e-01  -1.4613548e-01   1.2953516e-04  -3.3701398e-03   1.0250553e-03
   3.3845362e-01  -1.4058343e-01  -8.9909492e-02  -1.3888032e-03  -2.3561904e-03   7.1305873e-04
   3.2972406e-01  -2.2312487e-01  -7.9072283e-02  -1.1579192e-04  -2.5555584e-03   5.2397604e-04
   3.0142860e-01  -2.9884488e-01  -1.3264687e-01  -7.1751474e-04  -3.0478559e-03   2.7295439e-04
   3.0592045e-01  -2.3038363e-01  -1.1457575e-01  -3.8221698e-04  -2.5139203e-03   5.4296996e-04
   3.4350759e-01  -2.2299978e-01   2.7460721e-02  -1.9366137e-03  -2.5815162e-03   8.1687928e-04
   3.7280884e-01  -1.7242506e-01  -1.0864619e-01  -8.8502169e-04  -2.5595127e-03   1.5987891e-03
   3.1468443e-01  -1.6007012e-01  -1.6339897e-01  -1.6544957e-03  -2.7391115e-03   4.9153786e-04
   3.4108493e-01  -3.3171687e-01  -1.3001978e-01   1.9294194e-03  -2.3314378e-03   1.0108153e-03
   3.0784359e-01  -2.6544241e-01  -2.1422297e-01   2.3724615e-03  -3.1843725e-03   6.8558514e-04
   3.9191016e-01  -2.3521182e-01  -1.3537726e-01  -6.1117799e-04  -2.6578819e-03   1.2360930e-03
   3.0879830e-01  -1.3557975e-01  -2.3731017e-01   3.4358696e-04  -3.0650047e-03  -3.6037985e-05
   3.6784458e-01  -1.4659587e-01  -1.9594198e-01   2.8812895e-04  -2.3253566e-03   6.2294088e-04
   3.5895529e-01  -1.5408544e-01  -1.8069755e-01   1.6702525e-04  -3.1678489e-03   6.7788369e-04
   4.7258152e-01  -2.0880668e-01  -1.1639066e-01  -7.3934467e-04  -3.0646602e-03   2.7158121e-03
   7.0873481e-01  -5.7078357e-01  -5.6813304e-01   2.9109866e-03  -2.4839108e-03   6.1799102e-03
   4.8294947e-01  -2.5657864e-01  -5.8260187e-01   2.8941412e-03  -4.2254107e-03   4.9475021e-03
   5.3668670e-01  -1.2968747e-01  -4.3464249e-01   4.2257671e-03  -4.4142845e-03   5.5029582e-03
   5.2367533e-01  -1.7203582e-01  -4.3139757e-01   3.6208710e-03  -4.0796493e-03   5.2612482e-03
   5.1207478e-01  -1.1105328e-01  -4.2544426e-01   3.0300600e-03  -4.4419621e-03   5.3488336e-03
   4.8929178e-01  -1.1873402e-01  -4.2609393e-01   2.1325186e-03  -4.4710456e-03   4.4936081e-03
   4.8632030e-01  -7.1619250e-02  -4.0746350e-01   2.1455494e-03  -3.7870249e-03   4.1605703e-03
   5.0046712e-01  -1.4310730e-01  -3.8161713e-01   9.7359921e-04  -4.0187752e-03   3.8185529e-03
   4.6172686e-01  -1.2850658e-01  -3.1184376e-01   6.9337130e-04  -3.6441911e-03   2.8711367e-03
   4.0575643e-01  -5.0121555e-01  -2.4147713e-01   1.0538891e-03  -4.1367996e-03   2.2810741e-03
   3.5285674e-01  -5.1933128e-01  -3.8456320e-01   2.3710359e-03  -5.4788759e-03   2.3733797e-03
   4.4998785e-01  -1.7056524e-01  -8.6427198e-02  -8.6994553e-04  -3.8731558e-03   2.8148281e-03
   4.2455151e-01  -2.0367244e-01   2.6881041e-02  -1.1166926e-03  -3.0307401e-03   1.6079284e-03
   3.8814502e-01  -1.4708228e-01   7.7514061e-03  -6.9529325e-04  -3.3353319e-03   8.6752124e-04
   3.7073123e-01  -2.1329352e-01   2.6166762e-02  -1.0742986e-05  -3.5062749e-03   6.0679395e-04
   4.0291203e-01  -1.2900620e-01   5.8102596e-03  -1.7551594e-03  -3.0522754e-03   9.8578406e-04
   3.4692823e-01  -1.7188230e-01   1.1517774e-01  -1.5606701e-03  -3.4158980e-03  -2.8491197e-05
   3.4588176e-01  -2.4234602e-01   1.0413372e-02  -1.7022164e-03  -4.5748949e-03   8.0230863e-04
   3.7612604e-01  -2.7832153e-01   6.6873047e-02  -1.4535450e-03  -4.6218542e-03   1.6191857e-03
   3.4301721e-01  -1.7242558e-01   6.1049195e-02  -2.9768329e-03  -4.6012886e-03   1.3307114e-03
   4.1969072e-01  -1.8556086e-01   1.0436526e-01  -2.0429024e-03  -3.9030540e-03   1.8525498e-03
   4.0857315e-01  -2.0219657e-01  -1.8782829e-01  -1.9482416e-04  -5.0756332e-03   1.7440831e-03
   3.2029914e-01  -1.2450508e-01  -3.3653171e-01   2.6908419e-03  -6.4788249e-03   1.7904396e-03
   3.9003548e-01  -1.3162806e-01  -3.0754696e-01   1.7540042e-03  -5.5147961e-03   2.9736219e-03
   4.1203027e-01  -6.0748614e-02  -1.9312459e-01   3.2083753e-04  -5.1068092e-03   2.5700069e-03
   3.5143549e-01  -7.7614342e-02  -1.1935500e-01   5.1590649e-04  -4.8627253e-03   1.2307956e-03
   4.0659571e-01  -1.2397357e-01  -1.9580964e-01   1.8182575e-03  -5.6526303e-03   2.8828369e-03
   4.5054651e-01  -1.4983281e-01  -1.5556517e-01   5.4203015e-04  -4.5661384e-03   3.5177207e-03
   5.2588695e-01  -1.3804440e-01  -1.0261116e-01   4.3798817e-04  -4.2480885e-03   4.2006828e-03
   6.3936533e-01  -3.7862252e-01  -4.0922399e-01   1.5441081e-03  -3.0437991e-03   3.8957507e-03
   5.9900974e-01  -3.4554072e-01  -2.4422603e-01  -1.0369416e-03  -3.4824779e-03   4.2924249e-03
   5.1047250e-01  -2.7287936e-01  -2.0537552e-01   2.8142333e-04  -5.6501075e-03   3.8409173e-03
   5.7259691e-01  -2.5464953e-01  -4.0548758e-02  -2.2991795e-03  -5.0403710e-03   4.4851562e-03
   4.6956208e-01  -3.4033364e-01  -1.1021942e-01  -2.3837011e-03  -5.2204740e-03   2.1464587e-03
   4.1960571e-01  -2.9550031e-01  -2.6162500e-01  -1.0255228e-03  -6.6296197e-03   2.6565220e-03
   4.6958506e-01  -2.5120601e-01  -1.4860126e-01  -2.2225305e-04  -5.7967372e-03   3.5002278e-03
   5.1687906e-01  -2.3655335e-01  -4.1860781e-02  -1.8234553e-03  -4.9815750e-03   3.6615576e-03
   4.8213222e-01  -2.5308142e-01  -1.0064011e-01  -5.8343931e-04  -4.5938774e-03   2.9431348e-03
   4.4912417e-01  -3.0419708e-01  -1.9133424e-01   4.5498560e-04  -6.2491964e-03   2.7465128e-03
   4.5911218e-01  -2.3434095e-01  -1.4883853e-01   6.3636853e-04  -5.9596266e-03   2.8264557e-03
   4.4836059e-01  -2.3217734e-01  -5.2902464e-02  -1.1617194e-03  -5.7503211e-03   2.4735835e-03
   4.4565865e-01  -2.3277263e-01  -2.5008576e-02  -1.1534344e-03  -6.0812133e-03   2.3577739e-03
   4.4108116e-01  -3.0336714e-01  -1.1946455e-01  -7.5969938e-04  -6.9650320e-03   2.8175532e-03
   4.3471080e-01  -2.7305220e-01  -1.0031306e-01  -1.7859309e-03  -6.8100824e-03   2.8314000e-03
   4.5873117e-01  -2.6044225e-01   2.8039866e-02  -2.4345203e-03  -5.9086148e-03   2.7300556e-03
   4.5245566e-01  -2.4338941e-01  -1.1256774e-02  -2.5307350e-03  -5.9391588e-03   2.3053306e-03
   4.4890737e-01  -2.8526013e-01  -4.4986208e-02  -1.3311867e-03  -6.1248863e-03   1.8594982e-03
   4.7855893e-01  -2.8831557e-01  -7.4386707e-02  -7.3582498e-04  -5.5658867e-03   2.2845357e-03
   4.8355209e-01  -2.4172958e-01  -1.4928045e-02  -1.6451713e-03  -6.0170915e-03   2.4982341e-03
   5.0819791e-01  -2.7614212e-01  -3.4279083e-02  -2.1519858e-03  -5.9125887e-03   3.0092664e-03
   5.9129963e-01  -4.3972022e-01  -3.8016299e-01  -3.7252490e-04  -6.3529104e-03   3.8213075e-03
   5.1581918e-01  -4.0105067e-01  -2.2724571e-01  -1.0298548e-03  -7.1777452e-03   4.2169835e-03
   5.4141226e-01  -3.4969463e-01  -1.0251335e-01  -1.2480991e-03  -6.9049045e-03   4.7512127e-03
   5.2038305e-01  -2.8807588e-01  -9.3191853e-02  -1.5726971e-03  -6.5824913e-03   3.7969355e-03
   4.8752595e-01  -2.7840697e-01  -6.3556006e-03  -1.5710265e-03  -6.4662464e-03   3.1288401e-03
   4.3743044e-01  -5.2037933e-01  -2.6541706e-01   1.0169221e-03  -8.5226164e-03   4.2339622e-03
   4.9580456e-01  -2.9093248e-01  -2.0977195e-01   1.2370631e-03  -7.1525147e-03   5.1888600e-03
   5.5922875e-01  -2.7946771e-01   1.4979438e-02   1.8640011e-03  -6.2531637e-03   4.3369984e-03
   4.9735980e-01  -2.3243545e-01  -5.1506044e-02   2.9722624e-03  -7.2815161e-03   4.1487439e-03
   3.9340661e-01  -3.7285351e-02  -9.4862264e-02   3.1463576e-03  -7.0710853e-03   3.8510364e-03
   4.4022051e-01  -1.1687917e-01  -6.8565146e-02   3.8220880e-03  -6.9798731e-03   4.5496277e-03
   4.7560405e-01  -7.6897774e-02   6.3834723e-02   1.6678021e-03  -7.2659859e-03   5.3752369e-03
   5.2063385e-01  -1.6523066e-01   7.4184880e-02   7.9378301e-04  -7.1261320e-03   5.4505027e-03
   5.2536176e-01  -1.8080100e-01  -7.2968649e-02   2.7630892e-03  -8.6941031e-03   6.3471102e-03
   5.2666331e-01  -1.1959703e-01  -8.2636336e-02   2.7832135e-03  -9.2084345e-03   6.7641111e-03
   5.5310479e-01  -8.3432527e-02   1.2132467e-01   1.8601937e-03  -8.8209898e-03   6.6710242e-03
   6.0107111e-01  -7.6682186e-02  -7.3796190e-02   2.2046323e-03  -8.4631707e-03   7.1044784e-03
   6.0319803e-01  -7.8381302e-02  -2.0455191e-01   2.8250705e-03  -9.7675845e-03   7.4290589e-03
   6.0876868e-01  -1.7876414e-01  -1.2601638e-01   3.7726438e-03  -9.9590458e-03   7.7221807e-03
   5.8683328e-01  -9.5946209e-02  -8.4135926e-02   2.1945040e-03  -8.8466140e-03   7.0145794e-03
   6.0289225e-01  -1.6489474e-01  -8.6351198e-02   2.2005071e-03  -9.9868230e-03   6.9185712e-03
   6.1528196e-01  -3.7947642e-01  -2.4836595e-01   3.1277837e-03  -9.0072191e-03   6.3967499e-03
   5.9654485e-01  -4.3364791e-01  -1.4739724e-01   3.5931506e-03  -9.2876308e-03   6.1651447e-03
   5.6782838e-01  -1.8212063e-01  -1.5674793e-01   5.5560230e-03  -1.0798954e-02   6.8026862e-03
   6.4725231e-01  -2.1062449e-01  -1.0156896e-01   2.9192387e-03  -9.3170672e-03   7.3020260e-03
   6.0850379e-01  -1.5674291e-01  -2.1437182e-01   3.5976396e-03  -9.3782577e-03   6.5189233e-03
   5.9926232e-01  -1.9355684e-01  -2.2665142e-01   4.5220835e-03  -1.0344861e-02   6.8005197e-03
   6.5230189e-01  -1.3401251e-01  -2.1314547e-01   4.0066510e-03  -9.7530086e-03   7.8301550e-03
   6.7141862e-01  -1.7617216e-01  -6.7608598e-02   2.5384718e-03  -1.0138748e-02   7.5736335e-03
   6.0486894e-01  -1.8819530e-01  -2.5786576e-01   3.4157053e-03  -1.1368515e-02   6.5521620e-03
   5.5544805e-01  -2.0437271e-01  -2.9207270e-01   4.9471800e-03  -1.2630470e-02   7.3799048e-03
   6.2012779e-01  -1.3400200e-01  -2.8576082e-01   4.6368695e-03  -1.2393933e-02   8.4392612e-03
   6.6699408e-01  -1.5946381e-01  -1.0562159e-01   3.4223103e-03  -1.1610734e-02   8.8810111e-03
   5.5321655e-01  -9.8612965e-02  -2.9609370e-01   4.3560100e-03  -1.1835566e-02   6.1989062e-03
   4.6980888e-01  -2.1263766e-01  -4.3547143e-01   7.3380205e-03  -1.3515654e-02   6.1376972e-03
   5.2994431e-01  -3.4053196e-01  -4.0044860e-01   7.6728599e-03  -1.3582310e-02   7.5685529e-03
   5.4482640e-01  -6.3705437e-02  -1.5589759e-01   7.5215830e-03  -1.2281113e-02   7.2294737e-03
   4.9775730e-01  -1.3347882e-01  -7.0973391e-02   6.7980992e-03  -1.3377776e-02   6.1631531e-03
   4.4742910e-01  -2.5929186e-02  -2.3105521e-01   8.6418817e-03  -1.2944557e-02   5.4821186e-03
   4.3351482e-01  -1.0554061e-01  -4.3654866e-01   1.0992759e-02  -1.4919508e-02   6.6501534e-03
   4.8444157e-01  -4.2940888e-02  -3.9659774e-01   9.3113201e-03  -1.3997866e-02   7.5632213e-03
   5.0530120e-01  -6.0764674e-02  -3.0091906e-01   7.9624423e-03  -1.4062494e-02   6.9325266e-03
   5.0330026e-01  -1.1122150e-01  -3.5042592e-01   8.1223027e-03  -1.1588617e-02   6.1333710e-03
   5.0118220e-01  -1.6163698e-01  -3.6201258e-01   9.2239841e-03  -1.2456376e-02   6.6492387e-03
   3.8653291e-01  -9.2935697e-03  -4.3073683e-01   9.7536330e-03  -1.1012288e-02   4.0793946e-03
   4.3112314e-01  -4.1706241e-02  -1.8267120e-01   9.0390432e-03  -1.2129816e-02   4.5036330e-03
   3.2360706e-01  -3.1705207e-02  -3.4055288e-01   1.0801815e-02  -1.2944921e-02   3.5474548e-03
   3.7023142e-01   7.5553030e-03  -1.3913823e-01   1.0776822e-02  -1.3490743e-02   5.0262882e-03
   3.9351385e-01  -5.3933517e-03  -2.9452713e-01   1.0539379e-02  -1.3044569e-02   5.2597025e-03
   4.5513031e-01  -4.4916156e-03  -2.3967994e-01   8.6941026e-03  -1.2364564e-02   5.9588652e-03
   3.7901812e-01   2.6684853e-02  -3.5231310e-01   8.7231053e-03  -1.2311042e-02   4.7274589e-03
   3.6488158e-01  -3.9143258e-02  -2.6117305e-01   8.7106502e-03  -1.2524347e-02   4.8624418e-03
   3.7790789e-01  -4.5534011e-02  -2.2803593e-01   8.1067869e-03  -1.2908544e-02   5.4475113e-03
   4.1171949e-01  -7.3727366e-03  -1.5304799e-01   6.6896722e-03  -1.2946573e-02   5.8052051e-03
   4.6980594e-01  -1.0029014e-01  -4.0322861e-01   8.8777979e-03  -1.3673571e-02   6.3375314e-03
   4.5415234e-01  -1.8413862e-01  -3.4859000e-01   9.2007692e-03  -1.3186904e-02   5.8400184e-03
   3.0736965e-01  -4.8145684e-02  -3.6265740e-01   1.2945909e-02  -1.3547395e-02   4.7557645e-03
   3.8542364e-01  -2.2129257e-02  -2.6027438e-01   1.0084246e-02  -1.3216163e-02   6.0283421e-03
   3.8153842e-01   3.9517163e-02  -3.3282829e-01   1.0537302e-02  -1.3107583e-02   5.3433143e-03
   3.8810274e-01  -1.9160818e-02  -3.7752955e-01   1.0842406e-02  -1.3379131e-02   6.3720836e-03
   4.0077733e-01   2.8882702e-02  -3.0953000e-01   1.0401492e-02  -1.3325809e-02   6.6312892e-03
   4.0718164e-01   9.9462378e-03  -1.7072222e-01   9.3883437e-03  -1.3314116e-02   6.4342447e-03
   4.3179752e-01   3.3741981e-02  -2.6508069e-01   9.2488235e-03  -1.3172747e-02   6.3210884e-03
   4.3607505e-01  -1.1566582e-01  -3.2473542e-01   9.8223446e-03  -1.4338149e-02   6.8709629e-03
   4.4483977e-01  -6.0942179e-02  -3.6178494e-01   9.5982867e-03  -1.4720988e-02   7.2504337e-03
   5.1717892e-01   2.5922038e-02  -2.8938330e-01   9.7067713e-03  -1.4021152e-02   7.9382073e-03
   4.6582709e-01  -3.8142239e-02  -4.2262994e-01   9.3274773e-03  -1.4796077e-02   6.6752146e-03
   3.9919585e-01  -2.5122621e-02  -4.7912684e-01   9.8044164e-03  -1.3396090e-02   5.9040219e-03
   4.3660339e-01  -6.0668526e-02  -3.5160543e-01   8.9714588e-03  -1.3668886e-02   6.7234710e-03
   4.3066534e-01  -5.8113576e-02  -2.7055265e-01   8.1935013e-03  -1.3352955e-02   6.2612914e-03
   4.6789347e-01  -9.2481903e-02  -1.9484262e-01   7.1866062e-03  -1.2740965e-02   6.6009322e-03
   3.5626148e-01  -1.0064158e-01  -3.3567227e-01   7.9112105e-03  -1.3503211e-02   4.9630090e-03
   3.9852034e-01  -1.1272688e-01  -4.4335246e-01   8.9180252e-03  -1.3738862e-02   6.0686481e-03
   4.4607430e-01  -1.1118335e-01  -2.9990354e-01   8.2753344e-03  -1.3222597e-02   6.3687165e-03
   4.8195412e-01  -1.0415035e-01  -3.9781200e-01   8.6609305e-03  -1.3687586e-02   7.2460969e-03
   3.9381001e-01  -1.3744963e-01  -3.1615556e-01   8.2742532e-03  -1.3905686e-02   5.5659737e-03
   3.7121624e-01  -5.0712177e-01  -5.9239589e-01   1.2017355e-02  -1.5870924e-02   6.2578412e-03
   3.9673470e-01  -1.1658716e-01  -5.7185876e-01   1.2222145e-02  -1.4686657e-02   6.5946775e-03
   5.1805776e-01  -5.3341101e-02  -1.7339853e-01   9.9773884e-03  -1.3499291e-02   7.5823965e-03
   4.2958227e-01  -1.9554997e-02  -4.3202538e-01   1.0463001e-02  -1.3723431e-02   5.8452773e-03
   3.7436344e-01  -3.2669144e-02  -4.1322144e-01   9.5762227e-03  -1.3631223e-02   4.8616613e-03
   4.4002783e-01  -1.3713019e-01  -3.1240725e-01   8.0897086e-03  -1.2397566e-02   5.7133094e-03
   4.7829847e-01  -8.1417002e-02  -2.6171064e-01   6.2669415e-03  -1.2953120e-02   6.2779588e-03
   4.8463405e-01  -8.5058001e-02  -2.6697030e-01   6.2403871e-03  -1.3566898e-02   6.2307012e-03
   4.8884042e-01  -1.6542233e-01  -2.6704959e-01   5.7199551e-03  -1.3951071e-02   6.6794467e-03
   5.2088600e-01  -1.5915229e-01  -2.1978208e-01   4.5546109e-03  -1.3287674e-02   7.2072109e-03
   5.4055152e-01  -1.3814411e-01  -1.5323800e-01   4.3516972e-03  -1.3839748e-02   7.7060980e-03
   5.5706041e-01  -5.9362526e-02  -3.0627023e-01   4.7472411e-03  -1.3509478e-02   7.7819623e-03
   4.9607857e-01  -9.9203879e-02  -4.9310984e-01   7.3029242e-03  -1.4106994e-02   7.0444189e-03
   5.5675738e-01  -1.5155581e-01  -3.9692169e-01   6.5129116e-03  -1.3632501e-02   8.3540550e-03
   5.5497588e-01  -1.1338348e-01  -3.1338312e-01   5.3986718e-03  -1.4054600e-02   7.7425219e-03
   5.2618833e-01  -4.9518402e-02  -5.8772440e-01   6.6701518e-03  -1.3748801e-02   7.8771654e-03
   5.3191941e-01  -1.2422862e-01  -5.9485998e-01   6.4361126e-03  -1.3620907e-02   8.3878351e-03
   5.1295101e-01  -1.1229864e-01  -5.4132308e-01   5.9298619e-03  -1.3679056e-02   8.1976838e-03
   5.5313897e-01  -1.1854517e-01  -4.3883944e-01   4.7032911e-03  -1.3550401e-02   8.6070922e-03
   5.7795561e-01  -1.0739909e-01  -4.6871863e-01   4.7051205e-03  -1.3206389e-02   8.0845217e-03
   5.4767089e-01  -1.7876013e-01  -5.0598755e-01   5.9956961e-03  -1.3957751e-02   7.4366388e-03
   5.7555676e-01  -1.7130680e-01  -4.8016615e-01   5.8534789e-03  -1.4393789e-02   8.7052928e-03
   5.6860252e-01  -1.6755297e-01  -3.8712116e-01   4.4649036e-03  -1.3880091e-02   8.2221359e-03
   6.1383473e-01  -1.8294435e-01  -3.3611962e-01   2.9953439e-03  -1.3906710e-02   8.8501492e-03
   6.2566222e-01  -3.1764372e-01  -5.5958107e-01   4.0599359e-03  -1.3134885e-02   8.7277713e-03
   4.8815913e-01  -3.6156839e-01  -6.3536397e-01   5.1429563e-03  -1.4203021e-02   7.7244853e-03
   4.4785146e-01  -2.2641141e-01  -5.5752284e-01   5.4966116e-03  -1.3869535e-02   7.1731533e-03
   4.6539034e-01  -2.7584918e-01  -4.5776378e-01   5.0521248e-03  -1.2667995e-02   7.2878463e-03
   5.2822550e-01  -2.6381050e-01  -5.8656081e-01   5.1168199e-03  -1.2682553e-02   8.9448112e-03
   5.4476861e-01  -2.7295847e-01  -4.8941421e-01   4.5293395e-03  -1.2788906e-02   9.3645168e-03
   5.4114967e-01  -2.1221083e-01  -5.2434462e-01   4.5530309e-03  -1.2714614e-02   9.1532741e-03
   5.8694914e-01  -2.5097818e-01  -3.7201198e-01   2.9042091e-03  -1.2412200e-02   9.4581046e-03
   6.4302650e-01  -1.8478898e-01  -5.9921079e-01   5.2757262e-03  -1.2982504e-02   9.9426088e-03
   5.8884327e-01  -4.6113363e-01  -5.8262122e-01   7.4262239e-03  -1.2994882e-02   9.5766541e-03
   6.6432065e-01  -5.2362466e-01  -6.3248708e-01   7.3050782e-03  -1.3992069e-02   1.1156392e-02
   6.8901255e-01  -2.2921161e-01  -5.0496415e-01   4.7062479e-03  -1.3008637e-02   1.1075725e-02
   8.8956733e-01  -5.0174707e-01  -5.1220423e-01   4.2595820e-03  -1.3311438e-02   1.2263381e-02
   9.0313952e-01  -5.0324635e-01  -6.7063390e-01   5.5608596e-03  -1.1682081e-02   1.3064093e-02
   7.8709097e-01  -4.0244550e-01  -5.8173870e-01   5.4223467e-03  -1.2204621e-02   1.2789221e-02
   8.9236850e-01  -3.9454112e-01  -5.3570141e-01   4.1902347e-03  -1.1352650e-02   1.3610407e-02
   9.8902910e-01  -4.5987691e-01  -3.3269305e-01   1.7691731e-03  -1.0567616e-02   1.4833849e-02
   8.4942928e-01  -4.9750807e-01  -5.1367363e-01   2.8693643e-03  -1.2179006e-02   1.3138888e-02
   7.9220434e-01  -3.9493984e-01  -4.3931574e-01   4.7173924e-03  -1.2920694e-02   1.2817111e-02
   8.1360068e-01  -4.0958018e-01  -4.3486161e-01   4.7958320e-03  -1.2826253e-02   1.3207224e-02
   8.6646558e-01  -4.1343136e-01  -3.2512505e-01   3.3634946e-03  -1.3417532e-02   1.4294400e-02
   7.8726963e-01  -4.3521458e-01  -4.6959580e-01   6.2322845e-03  -1.4628977e-02   1.3511640e-02
   8.5685778e-01  -3.4452286e-01  -4.0121340e-01   5.4412961e-03  -1.3453974e-02   1.4783708e-02
   8.5107759e-01  -3.7377847e-01  -3.4533780e-01   5.1812469e-03  -1.3912846e-02   1.4579378e-02
   9.2024023e-01  -2.9013509e-01  -2.8921937e-01   3.6209947e-03  -1.3144998e-02   1.5544514e-02
   9.3114653e-01  -4.0843475e-01  -3.7073905e-01   4.1074654e-03  -1.3399941e-02   1.5296031e-02
   8.5150677e-01  -5.0495193e-01  -4.7047505e-01   4.1886004e-03  -1.3372377e-02   1.4808388e-02
   9.2635541e-01  -3.6841368e-01  -4.0375357e-01   3.1907312e-03  -1.3082594e-02   1.5373102e-02
   9.8453645e-01  -3.9223558e-01  -1.8649679e-01   1.2800018e-03  -1.3743559e-02   1.6596261e-02
   1.1899075e+00  -5.1380123e-01  -3.9768457e-01   2.7428637e-03  -1.3532003e-02   1.7716165e-02
   1.0354951e+00  -6.0977672e-01  -4.3818090e-01   2.8794025e-03  -1.2088844e-02   1.6255273e-02
   9.6619661e-01  -4.1556909e-01  -3.7952731e-01   3.8772727e-03  -1.2643874e-02   1.6619255e-02
   1.0955442e+00  -4.0843605e-01  -3.5366118e-01   2.6238126e-03  -1.1934714e-02   1.7695164e-02
   1.1094900e+00  -3.6277721e-01  -3.3384669e-01   1.8676000e-03  -1.2555929e-02   1.7933988e-02
   1.0062564e+00  -3.7262255e-01  -4.4794973e-01   2.2461726e-03  -1.3717818e-02   1.6338776e-02
   9.6391721e-01  -4.2706725e-01  -4.2428562e-01   3.1910327e-03  -1.4717051e-02   1.6168102e-02
   1.0155767e+00  -4.3947409e-01  -3.1645016e-01   2.0050586e-03  -1.5014361e-02   1.7170357e-02
   1.0724286e+00  -4.4199461e-01  -1.9267412e-01   9.1345150e-05  -1.5055532e-02   1.7397969e-02
   1.0268641e+00  -4.6689912e-01  -2.5552140e-01   1.8347241e-03  -1.5084675e-02   1.6692315e-02
   1.0233675e+00  -4.4378012e-01  -4.5192926e-01   4.0068701e-03  -1.4987709e-02   1.7138862e-02
   1.0829903e+00  -4.5374730e-01  -3.0838989e-01   1.8913288e-03  -1.4010783e-02   1.7879136e-02
   1.1474475e+00  -5.0867003e-01  -1.1298942e-01  -5.4528818e-04  -1.4750618e-02   1.8057120e-02
   1.0227699e+00  -5.3164628e-01  -3.1472329e-01   1.2347738e-03  -1.5105787e-02   1.6554669e-02
   1.0105364e+00  -4.6947604e-01  -3.4346903e-01   1.7487593e-03  -1.5393906e-02   1.7043044e-02
   1.0659738e+00  -3.9345228e-01  -2.9827304e-01   5.1919479e-04  -1.4568832e-02   1.7324499e-02
   1.1663512e+00  -4.6907189e-01  -9.2896725e-02  -1.6101594e-03  -1.5284038e-02   1.8443031e-02
   1.0885051e+00  -4.3697372e-01  -2.6835077e-01   1.4695280e-04  -1.5754867e-02   1.7503251e-02
   9.2405331e-01  -3.9564492e-01  -3.5400460e-01  -2.2758445e-04  -1.6890207e-02   1.6533532e-02
   9.8776538e-01  -4.8964295e-01  -3.7330965e-01   9.5262955e-04  -1.6193987e-02   1.6751955e-02
   1.0401173e+00  -4.2103601e-01  -2.4645853e-01  -1.3761680e-03  -1.6525276e-02   1.7419567e-02
   1.1155888e+00  -5.3570932e-01  -3.0971454e-01  -3.0794040e-04  -1.5221425e-02   1.7865974e-02
   1.0554169e+00  -5.6904447e-01  -3.4605368e-01   8.5521997e-04  -1.4617857e-02   1.6931923e-02
   1.0684817e+00  -5.2316327e-01  -2.4587558e-01  -2.2539265e-04  -1.3537722e-02   1.6865719e-02
   1.1496528e+00  -4.9664068e-01  -1.6534068e-01  -2.2877303e-03  -1.3223523e-02   1.7608961e-02
   1.0985056e+00  -5.3340186e-01  -2.0046576e-01  -1.8565229e-03  -1.3702404e-02   1.6929292e-02
   1.0024640e+00  -5.4800433e-01  -4.3103124e-01   1.8413866e-03  -1.5023032e-02   1.6516061e-02
   1.0165339e+00  -4.4961240e-01  -3.5732078e-01   1.7923899e-04  -1.3924835e-02   1.6280237e-02
   1.0986349e+00  -4.6417300e-01  -6.5252181e-02  -1.6638895e-03  -1.3726915e-02   1.7386715e-02
   1.2115496e+00  -5.4335481e-01  -1.7094662e-01  -1.2833067e-03  -1.3405571e-02   1.8409495e-02
   1.1687014e+00  -5.2879486e-01  -1.8865254e-01   1.4756312e-04  -1.3300678e-02   1.7741905e-02
   1.1545347e+00  -5.1852060e-01  -2.3821831e-01  -3.8831255e-04  -1.3727838e-02   1.8229377e-02
   1.1279355e+00  -4.9065373e-01  -2.6932159e-01  -7.3965574e-04  -1.4200215e-02   1.7881590e-02
   1.1902701e+00  -4.5346589e-01  -2.0601861e-01  -2.1915178e-03  -1.3350378e-02   1.8545760e-02
   1.1870194e+00  -4.3248579e-01  -2.2687353e-01  -9.5064940e-04  -1.2853924e-02   1.8514235e-02
   1.1634038e+00  -5.1546708e-01  -1.7842449e-01  -1.7923646e-03  -1.3816824e-02   1.8544043e-02
   1.2134785e+00  -4.7261180e-01  -1.5810766e-01  -2.6235235e-03  -1.3505686e-02   1.8915984e-02
   1.2308576e+00  -4.3962947e-01  -1.5199688e-01  -2.8623904e-03  -1.3413335e-02   1.8935482e-02
   1.1378235e+00  -3.8576888e-01  -2.5527109e-01  -1.1091538e-03  -1.3782408e-02   1.7592663e-02
   1.1522423e+00  -4.2959219e-01  -2.7868237e-01  -7.4195033e-05  -1.4364957e-02   1.8221283e-02
   1.0297598e+00  -2.8853130e-01  -3.9406531e-01   2.1963638e-03  -1.4208527e-02   1.6600808e-02
   1.0997553e+00  -6.3894262e-01  -1.2469848e-02  -3.0507700e-03  -1.4901467e-02   1.7440636e-02
   1.0276213e+00  -5.3492913e-01  -1.1474395e-01  -1.7767257e-03  -1.4370977e-02   1.5851473e-02
   1.0160497e+00  -6.8026311e-01  -3.5148604e-01   2.2341884e-03  -1.6235653e-02   1.6972387e-02
   9.6440704e-01  -4.5155038e-01  -4.4381576e-01   3.2385991e-03  -1.6164261e-02   1.6612543e-02
   1.0613101e+00  -4.5636817e-01  -1.4787894e-01   7.4818532e-04  -1.5072907e-02   1.7468671e-02
   1.0697509e+00  -4.3675518e-01  -1.0441770e-01   9.0144107e-04  -1.5155563e-02   1.7210166e-02
   1.0095377e+00  -3.8667306e-01  -1.8808080e-01   1.8987951e-03  -1.5448265e-02   1.6910948e-02
   1.0347877e+00  -3.6722649e-01  -2.3541324e-01   1.9302102e-03  -1.5297386e-02   1.7902418e-02
   9.4299041e-01  -1.7001998e-01  -4.8973137e-01   5.0482249e-03  -1.4509902e-02   1.6347413e-02
   8.9270817e-01  -2.8373687e-01  -5.7572952e-01   8.3561807e-03  -1.4657606e-02   1.6396017e-02
   8.3990666e-01  -1.5731007e-01  -5.8161051e-01   7.2619946e-03  -1.5085927e-02   1.5907822e-02
   8.4822207e-01  -2.2956644e-01  -5.0655963e-01   6.4154366e-03  -1.5306724e-02   1.6313471e-02
   8.3548065e-01  -1.7637598e-01  -4.9422135e-01   7.0231265e-03  -1.5648825e-02   1.6334796e-02
   8.4307914e-01  -1.5996336e-01  -4.9389144e-01   6.8572265e-03  -1.5622070e-02   1.6183730e-02
   8.2775437e-01  -1.7243032e-01  -4.8916511e-01   7.0501363e-03  -1.5775417e-02   1.5931614e-02
   7.7785589e-01  -1.7359389e-01  -5.4922666e-01   6.2523327e-03  -1.5623529e-02   1.5215655e-02
   7.9839628e-01  -1.8627275e-01  -4.6792153e-01   5.0504278e-03  -1.5521695e-02   1.5424366e-02
   8.0623641e-01  -2.8508596e-01  -4.5847076e-01   4.3312571e-03  -1.5859076e-02   1.5348821e-02
   7.8380523e-01  -3.2413665e-01  -5.2665262e-01   5.2693935e-03  -1.6340427e-02   1.5108042e-02
   7.9741342e-01  -1.6838325e-01  -5.0281070e-01   4.5658023e-03  -1.5952663e-02   1.4981156e-02
