   0.0000000e+00  -1.4210855e-14   0.0000000e+00   0.0000000e+00   0.0000000e+00   0.0000000e+00
  -4.4720340e-03  -2.6346513e-02   3.8857186e-02  -3.4516995e-04   6.5101868e-05  -1.8806734e-05
  -6.3877859e-03  -2.0911307e-02   5.0063348e-02  -7.9087372e-04   9.5886619e-05  -2.1927567e-05
  -1.4302925e-02   1.1075953e-02   7.1388944e-02  -2.8475098e-04   1.0733404e-04   3.5492760e-05
  -1.0100693e-02  -3.5005372e-03   6.8801728e-02  -2.4407316e-04   2.1416898e-05   1.0870500e-04
  -3.9593930e-03   1.9398040e-02   8.9972266e-02   3.2969417e-04  -1.4936008e-04   5.4755926e-05
  -9.9948736e-03   2.0965757e-02   8.2200292e-02  -3.7679772e-05   6.9546343e-05  -6.7444150e-05
  -1.9857762e-02   1.9560566e-02   1.1386064e-01   2.1891177e-04  -4.9632485e-05  -2.4531254e-04
  -3.4828211e-02   3.0619509e-02   9.7709446e-02  -1.3393152e-04   3.2466677e-04  -1.1004180e-03
  -2.2742949e-02   1.1202338e-02   1.4793680e-01   7.0262202e-04  -2.1524523e-04  -1.1165957e-03
   2.9350998e-03  -2.6704975e-02   1.2147349e-01   1.0371625e-03  -2.2705590e-04  -1.4625458e-03
  -1.1197864e-02   1.0093846e-02   1.2857016e-01   1.9989528e-04  -4.7008153e-04  -1.4943830e-03
   1.4987943e-02  -1.9378806e-01   1.6257369e-01   7.8372720e-04   1.7199238e-04  -1.7916391e-03
   1.3366433e-03  -3.8844999e-02   4.5162108e-02   1.5645337e-03   3.4005390e-04  -2.5765968e-03
  -1.5218630e-02  -3.7174889e-03   1.4048992e-01   1.8408892e-03  -1.9074700e-04  -2.3044332e-03
  -9.1586084e-03  -3.1264429e-02   1.3854422e-01   1.7797152e-03   7.5941145e-05  -2.3320473e-03
  -3.2852299e-02  -5.2061895e-03   1.7113042e-01   1.4623625e-03  -1.7731806e-05  -2.7405988e-03
  -3.8346226e-02  -5.2743806e-02   1.7245630e-01   1.3585071e-03   2.7120719e-04  -2.9989192e-03
  -1.7873348e-02  -4.1620984e-02   1.6161025e-01   1.9601060e-03   9.5168037e-05  -2.5925255e-03
  -2.0580345e-02  -6.3641687e-02   2.0829162e-01   2.0063101e-03   1.4647140e-04  -2.9545661e-03
  -1.6401117e-02   3.1568140e-02   1.9706198e-01   1.7992052e-03   7.0478662e-05  -2.9574173e-03
  -1.8723666e-02   1.1403986e-02   2.2026697e-01   2.7778301e-03   5.6384112e-05  -2.8060911e-03
  -2.2787943e-02   3.8982765e-02   2.0298168e-01   2.6845843e-03   8.9168099e-05  -2.5846852e-03
  -2.2893287e-02   3.2257699e-02   2.0424748e-01   2.8610278e-03   1.0622581e-04  -2.8934813e-03
  -2.8942031e-02   5.9535753e-02   1.8047265e-01   2.7785426e-03   2.1990024e-04  -2.6977730e-03
  -3.0865341e-02   2.6448931e-02   2.0069359e-01   3.0603203e-03   1.9726263e-04  -3.0387777e-03
  -2.7258354e-02   3.9114092e-02   1.5973789e-01   2.9081936e-03  -1.6448973e-05  -2.8356863e-03
  -2.6911185e-02   4.0276502e-02   1.7787624e-01   3.2691640e-03  -1.1817097e-04  -3.0496820e-03
  -1.5486460e-02   4.9400731e-02   1.5696460e-01   2.6570703e-03   3.3027381e-06  -3.0961146e-03
  -3.5208345e-02   1.1599514e-01   2.3250005e-01   3.8983733e-03  -5.9531593e-04  -3.8600275e-03
  -1.3447237e-02   4.2986036e-02   2.3912427e-01   5.0209415e-03  -4.1019213e-04  -3.8050117e-03
  -8.1597900e-03   1.2376343e-01   1.5502845e-01   3.4858414e-03  -1.3925694e-04  -3.6462601e-03
  -4.1633672e-02   4.7487132e-02   2.1559746e-01   4.1952855e-03  -4.5732562e-04  -3.1191619e-03
  -1.5437851e-02   5.9621173e-02   1.8634541e-01   4.0593799e-03  -7.0277057e-04  -2.4641872e-03
  -2.2842139e-02   5.6833290e-02   2.2127428e-01   4.9279958e-03  -6.2185738e-04  -2.5610303e-03
  -2.2006438e-02   4.5579266e-02   2.1249132e-01   4.2249938e-03  -5.1965256e-04  -2.8931745e-03
  -1.2185589e-02   2.4154080e-02   2.2249286e-01   4.8022290e-03  -7.1644782e-05  -2.3304447e-03
  -2.2605459e-02   5.8449522e-02   2.0264673e-01   4.6151087e-03   3.1602743e-04  -2.7111708e-03
  -3.2539307e-02   5.5207939e-02   2.0264926e-01   5.4223233e-03  -2.5923693e-04  -2.7436146e-03
  -2.6735036e-02   1.0126888e-01   1.8624100e-01   4.9443857e-03  -2.3512701e-04  -2.5064088e-03
  -1.8375826e-02  -2.6488842e-02   2.1151303e-01   4.0868596e-03  -1.8045941e-04  -2.7291431e-03
  -1.7120935e-02  -1.0660524e-02   1.4124367e-01   3.0847382e-03   6.0133599e-05  -2.6338446e-03
  -1.6841469e-02  -5.5665135e-04   1.8527511e-01   4.0169785e-03   2.2535260e-04  -2.3718591e-03
  -8.4819829e-03   1.0687447e-02   1.6564840e-01   4.0005125e-03   2.5749058e-04  -2.3825323e-03
  -1.3241448e-03   9.6649482e-04   1.6790453e-01   4.3680206e-03   2.2386405e-04  -2.3415594e-03
  -5.2044103e-03   1.2340814e-03   1.4314058e-01   3.7520699e-03   3.0133223e-04  -2.2358473e-03
  -1.9817195e-02   2.4926653e-02   1.7619581e-01   4.2529396e-03  -2.0754543e-04  -3.0545022e-03
   2.6669955e-02  -6.3958745e-02   2.2546943e-01   4.9183296e-03  -2.5401714e-04  -2.5081942e-03
   2.6967786e-02  -7.4033060e-02   8.1719964e-02   2.6702791e-03  -6.4857678e-04  -2.6357984e-03
   1.1688219e-02   7.1498951e-02   4.2338614e-02   1.9162811e-03  -5.9149369e-04  -2.8672802e-03
  -1.6965231e-02   2.1552334e-02   1.2348942e-01   4.3526531e-03  -8.5115689e-04  -3.3419889e-03
  -1.4870065e-02   5.3080629e-02   1.0150123e-01   6.0372689e-03  -3.1715687e-04  -3.1379816e-03
   2.3299388e-03   7.5663421e-02   1.3826057e-01   5.2844858e-03  -1.6375969e-04  -2.8430985e-03
   2.0786147e-03   5.4988840e-02   1.0544520e-01   4.8533234e-03   9.8400429e-05  -2.4479094e-03
  -5.7757949e-03   1.0048534e-01   1.2752763e-01   5.3942331e-03  -4.9343605e-05  -3.0995407e-03
  -5.7947201e-03   8.5222920e-02   1.3589604e-01   6.1875849e-03   2.2538054e-04  -2.9235696e-03
  -1.9190912e-02   1.1147059e-01   1.5547138e-01   5.4638408e-03  -2.9468365e-05  -3.0187941e-03
  -6.8723246e-03  -5.3382235e-02   1.4066008e-01   4.5265473e-03  -1.1111186e-04  -3.2140257e-03
  -9.9004952e-03   6.5040526e-02   1.1967807e-01   4.7115797e-03  -1.5433623e-04  -3.1402070e-03
  -4.3213106e-03   3.4153300e-02   1.4611361e-01   4.9394556e-03  -2.2842794e-04  -3.1388807e-03
  -1.8310058e-02   1.4157424e-01   1.4600535e-01   5.1475829e-03  -3.2338387e-04  -3.4061833e-03
  -1.8338660e-02   6.3602652e-02   1.5969481e-01   5.0568893e-03  -1.2161953e-04  -3.1801696e-03
  -3.4197623e-02   1.4066920e-01   1.5038951e-01   5.7713835e-03  -2.2105660e-04  -3.4527131e-03
  -1.2398104e-02   3.8088376e-02   2.0942513e-01   6.7882034e-03  -6.3762276e-05  -3.4316969e-03
   5.9216733e-03   1.8510404e-01   1.1085859e-01   8.8577220e-03  -1.8412222e-05  -3.2014877e-03
  -3.9889665e-03   1.6020148e-01   2.1224364e-01   1.0924418e-02   2.9158180e-06  -3.3892706e-03
   1.0083790e-02   2.0242725e-01   1.7468198e-01   9.5926524e-03   3.7710687e-04  -3.9981821e-03
   3.0648268e-03   1.8958003e-01   2.1991873e-01   9.4324456e-03   6.7722055e-04  -3.5076597e-03
  -7.2202709e-03   1.6189078e-01   1.8594271e-01   8.5743950e-03   8.9513497e-04  -3.6284683e-03
   3.6775836e-03   1.5110002e-01   2.3053750e-01   9.2973396e-03   6.5288380e-04  -3.9493293e-03
   2.7125589e-03   1.7223461e-01   2.2125808e-01   9.8717149e-03   7.9110180e-04  -4.3243127e-03
  -2.8367425e-02   1.4735088e-01   2.0187786e-01   9.5552211e-03   5.5193569e-04  -4.3930597e-03
   2.6607179e-02   1.6314760e-01   1.3425877e-01   8.9406387e-03   1.1805012e-03  -3.8056616e-03
   1.4322827e-02   2.2700937e-01   2.1685602e-01   1.0703896e-02   8.8766416e-04  -3.4479935e-03
  -7.7010847e-03   1.3956578e-01   1.6987068e-01   1.0784591e-02   1.1463629e-03  -3.3493899e-03
  -1.9641051e-02   2.1794860e-01   2.0381037e-01   1.1117069e-02   7.3225985e-04  -4.3904776e-03
  -5.0977920e-03   1.5113222e-01   2.0092292e-01   1.1412435e-02   7.3859500e-04  -4.5247302e-03
   1.2268650e-02   1.9088237e-01   2.0090161e-01   1.1134823e-02   1.0384578e-03  -4.5170107e-03
   1.3195562e-02   6.7214303e-02   2.1929543e-01   1.0199308e-02   9.0447276e-04  -4.5067974e-03
   1.0124021e-02   2.2451040e-01   1.8719189e-01   1.0499624e-02   7.7900231e-04  -4.4279402e-03
   1.3776494e-02   1.3471392e-01   2.3492696e-01   1.0719415e-02   7.6383534e-04  -4.4494006e-03
   1.9737175e-02   2.1494208e-01   1.7988931e-01   1.0681481e-02   7.9772538e-04  -4.0603195e-03
   2.7311605e-02   1.4359031e-01   2.1214865e-01   1.1014951e-02   1.2863442e-03  -3.6038475e-03
   1.1922191e-02   1.5944358e-01   2.1380623e-01   1.1003565e-02   1.6654289e-03  -4.1634803e-03
  -2.1235149e-04   1.0995721e-01   2.1049353e-01   1.0647931e-02   9.5713368e-04  -4.1466563e-03
  -9.2295907e-03   1.4003643e-01   1.6143146e-01   9.2061928e-03   8.9574626e-04  -4.0336550e-03
   1.1004673e-03   1.1447387e-01   1.8375778e-01   1.0389943e-02   1.1267041e-03  -4.0078807e-03
  -9.3917714e-03   1.5504436e-01   1.7093488e-01   1.0165968e-02   1.3596262e-03  -4.0692215e-03
   7.9887377e-03   8.7326158e-02   1.9813415e-01   1.0564765e-02   1.1630556e-03  -3.8602106e-03
   1.3966199e-02   1.5810120e-01   1.7066223e-01   1.0504702e-02   1.3200174e-03  -3.3903950e-03
   1.8215600e-02   2.4665522e-02   2.4034020e-01   1.0638219e-02   1.3666732e-03  -3.9107841e-03
   5.6283808e-03   1.7229034e-01   1.8672521e-01   9.7347130e-03   1.1774098e-03  -3.6903842e-03
   1.0943499e-02   1.3749220e-01   2.6317852e-01   1.1830762e-02   6.1490599e-04  -3.7979677e-03
   3.5370198e-02   2.0443784e-01   1.7076028e-01   1.3728403e-02   1.3698704e-04  -2.7379837e-03
   2.7044670e-02   1.3499237e-01   2.4087420e-01   1.3028712e-02   3.4958201e-04  -2.9920611e-03
   2.2587537e-02   1.1316009e-01   2.2645780e-01   1.1902203e-02   8.0171468e-04  -3.3766560e-03
   3.8002935e-02   1.5237583e-01   2.9670745e-01   1.3042540e-02   1.1714191e-03  -2.8637505e-03
   3.8760181e-02   1.4675432e-01   2.9393064e-01   1.3225515e-02   1.7044543e-03  -2.9239584e-03
   4.0565016e-02   1.8055739e-01   3.2471445e-01   1.3903980e-02   1.1884627e-03  -3.0934374e-03
   2.9869625e-02   2.3053157e-01   3.0113670e-01   1.3433660e-02   1.1531126e-03  -3.5903099e-03
   1.6880338e-02   1.7295101e-01   3.5821552e-01   1.4693700e-02   6.7070714e-04  -4.0127881e-03
   1.4811099e-02   1.4218482e-01   2.5451304e-01   1.4072146e-02   5.2299238e-04  -3.5380556e-03
   4.9073329e-02  -2.0209726e-02   4.5723644e-01   1.3894216e-02   4.6862185e-04  -3.4348500e-03
   4.2244572e-02  -2.0349239e-02   3.2985868e-01   1.4714852e-02   5.5516344e-04  -2.8261436e-03
   6.0929060e-02   2.1026038e-01   3.5060355e-01   1.5905717e-02   5.9251030e-04  -4.1700343e-03
   3.3405107e-02   1.9749145e-01   3.8409103e-01   1.6292124e-02   3.2616767e-04  -4.5910534e-03
   1.1918810e-02   2.1630655e-01   4.0122375e-01   1.5865215e-02  -2.3649842e-05  -4.2044510e-03
   9.8398097e-03   1.0816134e-01   4.1334579e-01   1.5369888e-02  -1.5298254e-04  -4.4953292e-03
  -1.5078813e-02   2.6462146e-01   3.6754750e-01   1.5114562e-02  -2.0698826e-04  -4.3697488e-03
   8.6775387e-03   1.0391594e-01   4.5908872e-01   1.6358167e-02   2.6254035e-04  -3.8713534e-03
  -1.2218812e-03   2.3371487e-01   3.3865803e-01   1.5680675e-02   2.2121427e-04  -3.9498449e-03
  -1.7811863e-03   2.0357085e-01   3.7808562e-01   1.4805697e-02   7.8535816e-05  -4.2444173e-03
   3.7344323e-03   3.1321542e-01   3.2857715e-01   1.5633804e-02  -3.7489086e-05  -4.0771806e-03
   1.2028417e-02   1.9987982e-01   4.0701206e-01   1.5837171e-02   1.7648740e-04  -3.9936706e-03
   8.9953310e-03   2.7889457e-01   3.0862097e-01   1.6092589e-02   3.2317655e-04  -3.9627526e-03
   1.0999701e-02   2.8526439e-01   3.4833230e-01   1.5239687e-02   3.4153595e-05  -4.0611118e-03
   8.4404412e-03   2.7884137e-01   3.1633968e-01   1.5758872e-02   7.4950396e-05  -4.4215010e-03
  -5.1005766e-03   2.2953997e-01   3.2540676e-01   1.5896186e-02  -4.5910914e-04  -4.5661623e-03
   4.7762431e-02   3.0588819e-01   2.2779333e-01   1.9115368e-02  -4.8391522e-04  -3.7568266e-03
   4.1144518e-02   3.6054313e-01   2.3051354e-01   2.2262906e-02  -7.0391939e-04  -4.1427683e-03
   1.4830884e-02   3.1020969e-01   2.3535584e-01   2.0055308e-02  -4.1143687e-04  -4.6041099e-03
   8.4106998e-03   3.2208092e-01   2.6279696e-01   2.2716223e-02  -6.4228157e-04  -5.1091914e-03
   2.9636571e-02   3.1788184e-01   2.8076678e-01   2.3391740e-02  -9.4573647e-04  -4.4885106e-03
   3.0436062e-02   3.0024605e-01   2.6099117e-01   2.2122000e-02  -1.0542397e-03  -4.7359017e-03
   3.1705523e-02   3.3823115e-01   2.4885952e-01   2.1534122e-02  -1.1611695e-03  -4.6544040e-03
   3.7153155e-02   3.8809224e-01   2.7145689e-01   2.1685544e-02  -1.2401698e-03  -4.6771390e-03
   4.7747449e-02   2.9820265e-01   2.7467800e-01   2.2277217e-02  -1.0841894e-03  -4.1333124e-03
   4.4110161e-02   3.3103694e-01   2.5747096e-01   2.1599281e-02  -1.1870577e-03  -4.1240183e-03
   5.0704591e-02   3.0207175e-01   2.7143894e-01   2.1806226e-02  -1.1483187e-03  -4.1482992e-03
   3.6401840e-02   3.4971803e-01   2.7785760e-01   2.2047387e-02  -1.0763076e-03  -4.1693685e-03
   5.2108908e-02   2.3505363e-01   2.7843494e-01   2.2866898e-02  -1.0161040e-03  -3.6467450e-03
   6.5054240e-02   3.7795826e-01   1.9235699e-01   2.6903565e-02  -7.2188438e-04  -3.9514952e-03
   4.2829594e-02   3.6039503e-01   2.5682045e-01   2.5631537e-02  -8.3758210e-04  -4.2843621e-03
   4.0219961e-02   3.5960840e-01   2.3017304e-01   2.5398756e-02  -9.2097377e-04  -4.5539377e-03
   3.9523882e-02   3.4447403e-01   2.5483279e-01   2.5290549e-02  -8.1938371e-04  -4.3099434e-03
   4.5786818e-02   3.1674997e-01   2.5642744e-01   2.4731876e-02  -9.3952451e-04  -4.4446641e-03
   5.1775324e-02   3.5563519e-01   2.5774535e-01   2.4542421e-02  -1.0310956e-03  -4.3360773e-03
   5.9678908e-02   3.9130942e-01   2.6765344e-01   2.5302817e-02  -1.2021338e-03  -4.3420985e-03
   5.7512081e-02   3.3639638e-01   2.7997820e-01   2.4822725e-02  -9.9203694e-04  -4.2531788e-03
   5.9940917e-02   3.3869611e-01   2.7977478e-01   2.4568121e-02  -1.1708228e-03  -3.8962039e-03
   4.8314930e-02   3.0108232e-01   2.9631922e-01   2.4804955e-02  -9.3204105e-04  -3.9571766e-03
   3.0773502e-02   4.0632250e-01   2.5147993e-01   2.5727063e-02  -1.0545661e-03  -4.3403548e-03
   6.9890761e-02   2.7113242e-01   4.6894182e-01   3.0054087e-02  -8.9810567e-04  -5.2075587e-03
   8.1947510e-02   3.3039497e-01   3.7606123e-01   2.9954081e-02  -8.6269307e-04  -4.4563182e-03
   8.5409207e-02   4.2428518e-01   3.2375924e-01   2.9443648e-02  -9.2536881e-04  -3.6352978e-03
   5.9448166e-02   3.3432429e-01   3.4924527e-01   3.0234486e-02  -1.4084681e-03  -3.0862375e-03
   7.7317716e-02   3.5498614e-01   3.0322638e-01   2.9097563e-02  -1.6534795e-03  -3.5686701e-03
   7.5905812e-02   2.4467813e-01   3.2338364e-01   2.9533853e-02  -1.0929318e-03  -3.0845083e-03
   6.1775690e-02   3.1880068e-01   2.9845534e-01   2.8371455e-02  -1.2282134e-03  -3.1337376e-03
   7.3324839e-02   2.7974624e-01   3.2058310e-01   2.8725416e-02  -1.2972481e-03  -2.9520228e-03
   7.0402985e-02   3.8645555e-01   2.9246049e-01   2.8698435e-02  -1.2970923e-03  -3.2908671e-03
   8.4174890e-02   3.2891368e-01   3.2398201e-01   2.8800659e-02  -1.0783718e-03  -3.1585386e-03
   7.1048420e-02   3.7708836e-01   2.9134777e-01   2.9007486e-02  -1.1968623e-03  -3.1325780e-03
   7.7319008e-02   2.0054896e-01   3.5321904e-01   2.8159468e-02  -9.9262832e-04  -2.9113354e-03
   1.0762815e-01   3.4982897e-01   2.0656823e-01   2.8893916e-02  -1.0876347e-03  -2.9827802e-03
   1.4932663e-01   3.3329616e-01   3.2724709e-01   2.9168190e-02  -9.0712773e-04  -2.5818438e-03
   1.1711154e-01   2.8781878e-01   3.4897765e-01   2.9863178e-02  -9.2576018e-04  -2.0946640e-03
   1.1683188e-01   3.6775694e-01   3.1849429e-01   3.0189965e-02  -1.0230667e-03  -1.8839483e-03
   1.0456721e-01   3.2588714e-01   3.1146667e-01   2.9927544e-02  -8.1669545e-04  -2.1272622e-03
   1.0636751e-01   3.3000720e-01   2.8427788e-01   2.9802527e-02  -1.0132821e-03  -1.9312564e-03
   1.1042960e-01   2.8736201e-01   3.0283371e-01   2.9619926e-02  -1.0770551e-03  -1.5559445e-03
   1.0808497e-01   2.8080729e-01   2.8914661e-01   2.8793766e-02  -1.1692479e-03  -1.7358338e-03
   1.0695201e-01   3.7167808e-01   2.8553027e-01   2.9026950e-02  -1.4127644e-03  -1.6829850e-03
   1.1742728e-01   3.0824950e-01   3.2246460e-01   2.9238434e-02  -1.3437804e-03  -1.2908219e-03
   1.2210741e-01   3.0329569e-01   2.7477309e-01   2.9487413e-02  -1.1303979e-03  -1.1062272e-03
   1.3374276e-01   3.2534160e-01   2.9459383e-01   2.9309664e-02  -1.1429186e-03  -1.5164454e-03
   1.3933461e-01   3.4212739e-01   2.6493357e-01   3.0480985e-02  -1.4577264e-03  -1.4407528e-03
   1.1934539e-01   4.7487026e-01   3.3473900e-01   3.2633532e-02  -1.0658641e-03  -1.2050111e-03
   1.1090187e-01   4.4156304e-01   3.3351568e-01   3.3386366e-02  -7.1021986e-04  -1.0805428e-03
   1.4106132e-01   4.5863042e-01   3.5093702e-01   3.3782543e-02  -9.4770092e-04  -4.9601283e-04
   1.4318622e-01   4.3654525e-01   3.3668871e-01   3.3968280e-02  -7.0224198e-04  -6.6980496e-04
   1.4741441e-01   4.7688668e-01   3.5964743e-01   3.3098786e-02  -8.8703613e-04  -7.1583242e-04
   1.7426952e-01   4.0553371e-01   3.9169731e-01   3.3082310e-02  -9.1775894e-04  -7.3529017e-04
   1.7233458e-01   3.9845090e-01   3.4745311e-01   3.2468867e-02  -7.3998857e-04  -7.6362444e-04
   1.6773722e-01   4.5001371e-01   3.7278747e-01   3.2762503e-02  -7.5956512e-04  -7.7213034e-04
   1.6746461e-01   4.8948097e-01   3.7428050e-01   3.3234872e-02  -9.2138350e-04  -1.2401932e-03
   2.3898282e-01   4.2001315e-01   5.0476595e-01   3.5206472e-02  -7.6064086e-04  -1.0302380e-03
   2.6485670e-01   3.4841980e-01   5.5171766e-01   3.6574325e-02  -9.9425767e-04  -2.1097622e-04
   2.3307247e-01   4.2730574e-01   4.1939423e-01   3.6114439e-02  -6.1389162e-04  -4.9788168e-04
   2.2736930e-01   4.4019451e-01   4.7098409e-01   3.6531521e-02  -1.2087925e-03   3.5449162e-04
   2.3624012e-01   4.3016855e-01   4.6132780e-01   3.7507322e-02  -8.5992639e-04   1.5576893e-04
   2.2979737e-01   5.0186966e-01   4.6525359e-01   3.7952088e-02  -7.3835011e-04  -2.7564560e-04
   2.2249929e-01   4.4996224e-01   4.7137379e-01   3.7151791e-02  -5.6437990e-04   3.7268461e-06
   2.1551892e-01   5.1812167e-01   4.5185822e-01   3.7546461e-02  -6.9973066e-04  -1.3306457e-04
   2.1802659e-01   4.7670297e-01   4.5736501e-01   3.7388067e-02  -5.1932800e-04  -2.5707653e-04
   2.1849866e-01   5.0798826e-01   4.6762003e-01   3.7648561e-02  -4.4688322e-04  -3.2357580e-04
   2.3456816e-01   4.5736843e-01   4.6494998e-01   3.7984963e-02   3.2031103e-05   5.0584867e-04
   2.3195450e-01   5.3601111e-01   4.5807477e-01   3.8525718e-02  -1.0977975e-04   5.0704236e-04
   2.3704269e-01   4.7674144e-01   4.5357043e-01   3.8409462e-02  -5.0501278e-06  -2.5326029e-05
   2.4500785e-01   5.3589847e-01   4.5043406e-01   3.8328650e-02   2.5540263e-04   1.4711939e-04
   2.5201220e-01   5.0737435e-01   4.8128592e-01   3.8360828e-02   3.2170171e-04   3.1264208e-04
   2.5222986e-01   5.3629531e-01   4.7984467e-01   3.8641371e-02   1.4849423e-04   5.3329604e-04
   2.5377189e-01   4.8872575e-01   4.6626091e-01   3.7691922e-02   1.8029877e-04   2.3623026e-04
   2.4459129e-01   4.8248554e-01   5.0389259e-01   3.5959546e-02   4.0043684e-04   4.3740948e-04
   2.3960946e-01   4.2842873e-01   5.4561854e-01   3.5430844e-02   2.7086715e-04   8.1192989e-04
   2.3663106e-01   4.9157797e-01   5.2695840e-01   3.6157973e-02   5.4175706e-05   8.2872330e-04
   2.3514624e-01   4.6035999e-01   5.5664153e-01   3.6506867e-02   3.4161257e-05   7.8753280e-04
   2.3907504e-01   4.4217752e-01   5.5230572e-01   3.6442097e-02   2.7690282e-04   8.6443940e-04
   2.3935988e-01   4.1586959e-01   5.5662069e-01   3.6353566e-02   1.4028304e-04   8.6806102e-04
   2.3690072e-01   4.7364583e-01   5.5985092e-01   3.6738949e-02  -4.5107049e-05   5.1558710e-04
   2.4185137e-01   4.3230797e-01   5.5029184e-01   3.6890287e-02  -1.8511853e-04   5.1087840e-04
   2.4166524e-01   4.6794344e-01   7.0220401e-01   3.8156379e-02  -1.0924879e-04  -9.4803014e-04
   2.0040522e-01   3.8891737e-01   8.2543564e-01   3.8031954e-02  -4.5525238e-04  -6.1872127e-04
   2.2489376e-01   4.3730393e-01   6.3142202e-01   3.8687084e-02  -5.9514824e-04   4.5449908e-05
   2.1110943e-01   4.8638200e-01   7.0750794e-01   3.9562356e-02  -7.0832505e-04  -4.1439591e-04
   2.1443182e-01   4.4500492e-01   7.0207345e-01   4.0251174e-02  -1.0325140e-03  -2.4570419e-04
   1.9781409e-01   4.7606876e-01   7.5830729e-01   3.8895733e-02  -7.1817489e-04  -2.3146416e-04
   2.1123291e-01   4.0072005e-01   7.8046542e-01   3.8122199e-02  -1.4652934e-04   1.7343988e-04
   1.9828713e-01   4.5304677e-01   7.6274020e-01   3.8717793e-02  -3.2772099e-04   2.6070254e-04
   2.1035548e-01   4.3206234e-01   7.5812608e-01   3.8948848e-02  -9.2985101e-05   2.5773241e-04
   2.1203673e-01   4.4731201e-01   7.5332021e-01   3.8790827e-02  -1.0904070e-04   2.7425689e-04
   2.2619664e-01   4.4717794e-01   7.6417514e-01   3.8843934e-02  -3.8364172e-04   1.4820662e-04
   2.2962729e-01   4.4979680e-01   7.6229739e-01   3.8676938e-02  -5.4207894e-04  -4.1962723e-05
   2.2743776e-01   4.3555747e-01   7.7996567e-01   3.9569545e-02  -5.4137614e-04  -1.6824174e-04
   2.2180002e-01   4.2745143e-01   7.2517208e-01   3.9177073e-02  -1.7624941e-04  -4.9904090e-04
   2.1933337e-01   4.4272792e-01   7.8593199e-01   3.9281428e-02  -2.9517336e-04  -9.3678943e-05
   2.2338604e-01   2.6213469e-01   8.5796811e-01   4.0020897e-02  -3.3885645e-04  -3.3490781e-04
   1.8041353e-01   3.8355931e-01   7.5086286e-01   3.9978466e-02  -1.2506957e-03  -9.0878362e-04
   1.9246439e-01   3.6959759e-01   7.8885726e-01   3.9692595e-02  -9.0292614e-04  -5.7634230e-04
   1.8725530e-01   4.1093760e-01   7.7503192e-01   3.9896750e-02  -1.0703226e-03  -6.3504322e-04
   1.9147238e-01   3.8411755e-01   8.2138061e-01   3.9430279e-02  -9.6441284e-04  -5.8141075e-04
   1.7481366e-01   3.6372809e-01   8.2125830e-01   3.8864492e-02  -1.2901273e-03  -9.0905204e-04
   1.7159415e-01   3.5536585e-01   8.1511888e-01   3.7925739e-02  -7.5316696e-04  -6.2971400e-04
   1.8032390e-01   3.7047274e-01   7.9314646e-01   3.8194367e-02  -7.1448967e-04  -4.8922441e-04
   1.8459648e-01   3.8632015e-01   7.7555864e-01   3.7493197e-02  -7.1686352e-04  -5.9851205e-04
   1.9319984e-01   4.1037907e-01   8.2004873e-01   3.8605593e-02  -8.9599020e-04  -5.2568184e-04
   2.2201442e-01   2.4622525e-01   9.3490505e-01   3.8733335e-02  -3.8254352e-04  -1.3170358e-03
   2.1541788e-01   3.5350323e-01   8.5238178e-01   3.9175271e-02   3.2583822e-04  -1.8049124e-03
   2.2202923e-01   4.4540544e-01   9.2008158e-01   4.0109954e-02  -1.5107870e-04  -1.3955357e-03
   2.1391633e-01   4.0338970e-01   9.1545674e-01   3.9735769e-02  -5.0767392e-04  -1.6187925e-03
   2.0336030e-01   3.9256612e-01   9.0901107e-01   3.8360193e-02  -6.1020291e-04  -1.6143893e-03
   2.4087589e-01   2.9761717e-01   9.9647120e-01   3.9837075e-02  -2.3907208e-04  -1.3284673e-03
   2.4067844e-01   2.0325142e-01   8.1761495e-01   3.6457137e-02   4.9013070e-04  -2.0802576e-03
   2.2122505e-01   3.2635212e-01   8.9001978e-01   3.5323202e-02  -5.5329395e-04  -2.5431111e-03
   2.2237087e-01   2.3692829e-01   1.0106979e+00   3.7675894e-02  -9.7051200e-04  -1.8974948e-03
   2.0034322e-01   3.8576524e-01   9.0851441e-01   3.6326207e-02  -6.5692571e-04  -2.0440779e-03
   2.2158582e-01   2.6569817e-01   1.0091469e+00   3.7972445e-02  -1.7062235e-04  -1.4628562e-03
   2.1429826e-01   3.1343829e-01   9.3864780e-01   3.8013448e-02  -4.7669111e-04  -1.9139998e-03
   2.2450841e-01   2.4094866e-01   1.0480338e+00   4.0340660e-02  -5.8643440e-04  -2.4562904e-03
   2.1197702e-01   3.0832783e-01   9.1586286e-01   3.9698318e-02  -6.6750117e-05  -2.4432187e-03
   2.2213061e-01   3.0070240e-01   1.0342545e+00   4.0707323e-02  -5.9662003e-04  -2.5400015e-03
   2.0804396e-01   3.1714521e-01   9.6450407e-01   4.1316933e-02  -5.0476225e-04  -2.6124352e-03
   2.0992449e-01   3.6684262e-01   1.0056933e+00   4.1287315e-02  -8.0315250e-04  -2.7144199e-03
   2.3942650e-01   2.6620453e-01   9.9214695e-01   4.0648246e-02  -3.9301806e-05  -2.6157530e-03
   2.1655344e-01   3.8645360e-01   9.4058924e-01   4.1370490e-02   2.7879887e-04  -2.9998468e-03
   2.2305940e-01   3.4546141e-01   1.0037774e+00   4.2429769e-02  -1.4194835e-04  -2.9593273e-03
   2.0819746e-01   3.3874591e-01   9.9547978e-01   4.1367728e-02  -1.4953212e-04  -3.3685556e-03
   2.1365020e-01   3.2705883e-01   9.7776041e-01   4.1382108e-02  -2.2589696e-04  -3.3403764e-03
   2.1527344e-01   3.5075004e-01   9.8542864e-01   4.1797764e-02  -3.5480494e-04  -3.3518946e-03
   2.0702955e-01   3.3853289e-01   9.6910852e-01   4.1794170e-02  -4.2266925e-04  -3.7243897e-03
   2.0106028e-01   3.8903802e-01   9.6323376e-01   4.2209009e-02  -3.2376466e-04  -4.0964294e-03
   2.1150959e-01   3.5662817e-01   9.7186270e-01   4.2080979e-02   4.1207121e-05  -4.0798848e-03
   2.0033446e-01   3.6426951e-01   9.4812543e-01   4.0772115e-02   4.6360848e-05  -4.1190377e-03
   2.4106429e-01   3.7965863e-01   9.5999594e-01   4.1379005e-02   5.6673767e-04  -3.7667194e-03
   2.6434279e-01   4.0790043e-01   1.0274764e+00   4.1881173e-02   6.9980301e-04  -3.5259671e-03
   2.4593887e-01   3.7964420e-01   1.0138030e+00   4.1721259e-02   6.1792695e-04  -4.0528710e-03
   2.4886560e-01   4.0566325e-01   1.0411067e+00   4.2230349e-02   5.1033506e-04  -4.0996305e-03
   2.6040361e-01   2.9639031e-01   1.0234422e+00   4.1484488e-02   6.9220005e-04  -4.3034983e-03
   2.5653877e-01   4.1311803e-01   9.9919202e-01   4.1090183e-02   1.1263610e-03  -4.5859660e-03
   2.4525399e-01   3.9680703e-01   1.0437832e+00   4.2221608e-02   6.6359730e-04  -4.5587130e-03
   2.4393422e-01   3.5829224e-01   1.0314856e+00   4.1594224e-02   4.4321602e-04  -4.8330203e-03
   2.2548325e-01   4.0144963e-01   1.0034179e+00   4.1865621e-02   3.2602592e-04  -4.8238611e-03
   2.4605933e-01   2.8363530e-01   1.1275649e+00   4.1128381e-02   8.3978913e-04  -5.4420330e-03
   2.6226137e-01  -2.1052521e-03   1.3674388e+00   4.1069817e-02   3.6482052e-04  -5.4717638e-03
   2.5952779e-01   1.2541682e-01   9.0225546e-01   3.9506765e-02   1.7587726e-03  -4.9997431e-03
   3.1410477e-01   3.7161738e-01   9.7307969e-01   4.1712767e-02   1.4289003e-03  -3.4065420e-03
   2.8075499e-01   2.5045552e-01   1.1851462e+00   4.1178814e-02   8.8013662e-04  -3.2270545e-03
   2.5514798e-01   4.1401504e-01   1.2133208e+00   4.1342786e-02   2.0407217e-03  -3.2656181e-03
   2.8287105e-01   2.6103895e-01   1.4389643e+00   4.2276582e-02   1.6441818e-03  -1.8834871e-03
   2.6598497e-01   2.6631182e-01   1.2970178e+00   4.2477910e-02   2.1941126e-03  -2.0728489e-03
   2.5281849e-01   3.5973736e-01   1.3527124e+00   4.1365717e-02   1.8026624e-03  -1.7803912e-03
   2.5981414e-01   1.2305390e-01   1.3832175e+00   4.1234706e-02   1.5463994e-03  -1.2583250e-03
   2.3535079e-01   2.3285432e-01   1.1806918e+00   4.0460082e-02   1.3909670e-03  -8.3751927e-04
   2.3298444e-01   3.6912492e-01   1.2397647e+00   4.0906020e-02   9.5763508e-04  -4.1467692e-04
   2.5199981e-01   2.1688999e-01   1.2883764e+00   4.0022589e-02   9.9481531e-04  -3.2173707e-04
   2.4440999e-01   2.0748946e-01   1.2561331e+00   4.0270985e-02   8.3335612e-04  -6.2292788e-04
   2.3199276e-01   3.2782927e-01   1.2697348e+00   4.0655301e-02   8.8785418e-04  -4.5179984e-04
   2.5080425e-01   3.7736098e-01   1.2067137e+00   4.0145805e-02   1.1763647e-03   2.8077458e-04
   2.3927567e-01   3.9116920e-01   1.2569033e+00   4.1133032e-02   9.4242112e-04   4.4401950e-05
   2.4414024e-01   3.2956027e-01   1.2770665e+00   4.1155570e-02   7.4767060e-04  -2.3325301e-05
   2.2521954e-01   3.8002588e-01   1.2244241e+00   4.0869264e-02   8.6201849e-04  -4.0020973e-04
   2.2720349e-01   3.5881116e-01   1.2349860e+00   4.1126542e-02   6.8957168e-04  -2.5536763e-04
   2.2275944e-01   4.1029703e-01   1.2038857e+00   4.1330550e-02   8.1396406e-04  -5.3397336e-04
   2.4333049e-01   3.8498651e-01   1.2555988e+00   4.1331323e-02   4.6996657e-04  -4.5707565e-04
   2.6878686e-01   2.2428673e-01   1.3126192e+00   4.0171894e-02   1.4709021e-03  -1.4678794e-03
   2.5877371e-01   1.2015257e-01   1.1909988e+00   3.8989489e-02   1.7794912e-03  -1.8960885e-03
   2.3321255e-01   2.8295334e-01   1.0583000e+00   3.9539451e-02   1.5473415e-03  -2.1305459e-03
   2.3673497e-01   2.5683045e-01   1.0636020e+00   3.8041687e-02   9.1778663e-04  -1.0025838e-03
   2.4186997e-01   1.5312970e-01   1.0123640e+00   3.7740078e-02   3.9841167e-04  -1.4301020e-03
