  -1.4210855e-14   0.0000000e+00   0.0000000e+00   0.0000000e+00   0.0000000e+00   0.0000000e+00
   7.9221040e-03   3.4376030e-03   3.0044211e-03   5.3222615e-04  -2.9545652e-04  -3.0782650e-05
   1.6879913e-02   3.8870170e-02   1.7722148e-02   4.0315120e-04  -5.4885845e-04  -1.2130334e-05
   2.3613460e-02   5.3594624e-02  -1.4528802e-01   7.3950025e-03   8.8196639e-04  -1.5311517e-04
   6.6674768e-03   5.7403035e-02  -1.3117037e-01   5.4436902e-03  -5.1492857e-06  -3.1029491e-04
   1.4419695e-02   3.6700905e-02  -7.4570937e-02   3.9236485e-03  -2.8238383e-05   1.5129649e-04
   1.9198059e-02   2.7491665e-02  -1.2885622e-01   4.5199938e-03   3.0078696e-05   1.7679831e-04
  -3.1837905e-03   2.7596575e-02  -8.2616786e-02   3.9090431e-03   9.3741398e-05  -6.3140979e-05
   1.2423994e-02  -9.3261298e-03  -8.2485040e-02   2.9596349e-03  -2.4157735e-04   3.0987904e-04
   5.9879014e-02   3.1444082e-02  -8.7551596e-02   2.8739953e-03  -3.2367537e-05   1.3634518e-03
   5.4274176e-02   5.4356235e-02  -7.3350691e-02   3.8986152e-03  -1.9768657e-04   7.0636818e-04
   6.0872565e-02   4.6373207e-02  -7.1444655e-02   3.7226020e-03  -3.7556668e-04   5.6152468e-04
   2.6676687e-02  -5.4350953e-03  -6.8851047e-02   2.5114441e-03  -4.7078905e-04   4.5034522e-04
   2.5732490e-02   2.0154385e-02  -8.2479693e-02   3.3201075e-03  -1.0356586e-03   8.9065381e-04
   2.8528436e-02   3.9620386e-02  -1.1591291e-01   2.8668161e-03  -1.2732761e-03   9.0477118e-04
   1.0943164e-02   3.1650682e-02  -1.2076247e-01   2.3189267e-03  -9.5857303e-04   9.0343380e-04
   2.6543338e-02   3.3200205e-02  -8.6316855e-02   3.1261865e-03  -1.0657323e-03   1.2410139e-03
   4.1493881e-02   3.0860408e-02  -7.4485222e-02   2.8139049e-03  -1.1100432e-03   7.7502140e-04
  -9.4037889e-03  -7.4257285e-03  -1.6886813e-01   4.1067526e-03  -1.3547392e-03  -2.8085103e-04
  -1.0638946e-02   2.6216009e-02  -3.4697458e-01   6.5843648e-03  -8.1470584e-04  -9.6088304e-04
   7.5357780e-03   3.3395213e-02  -2.7888322e-01   6.6856444e-03  -9.4360441e-04   1.4127853e-04
   1.6973710e-02  -1.8003905e-02  -2.5997793e-01   5.2638468e-03  -6.2130629e-04   3.4999723e-04
   2.8683612e-02  -5.0669386e-02  -2.5417838e-01   4.3210560e-03  -1.0197647e-03   6.2095412e-04
   1.4711018e-02  -5.6362390e-02  -2.5571139e-01   4.5791217e-03  -1.1678573e-03   4.0624872e-04
   1.3782582e-02  -7.2895054e-02  -2.2776693e-01   4.1559450e-03  -1.2481899e-03   2.0818520e-04
   1.3528143e-02  -9.3661504e-02  -2.1444662e-01   3.6855667e-03  -1.0191347e-03   2.2355356e-04
   1.4219389e-02  -1.2124583e-01  -2.1972344e-01   3.8155833e-03  -1.4796773e-03   4.0560323e-04
   1.7169492e-02  -1.3702060e-01  -2.1422335e-01   3.9668308e-03  -1.1408478e-03   3.4539950e-04
   3.8785319e-03  -1.5598501e-01  -2.1693777e-01   3.6631437e-03  -1.3818658e-03   2.2511169e-04
  -2.3539642e-03  -1.6377806e-01  -2.3609547e-01   2.9897559e-03  -1.1340340e-03   2.1695553e-04
   3.1697567e-02  -1.3348082e-01  -2.4351791e-01   3.4429801e-03  -1.5997094e-03   7.2516664e-04
   3.2482493e-02  -1.2690164e-01  -1.8947148e-01   3.2327679e-03  -1.5482942e-03   6.6254174e-04
   3.1317159e-02  -1.2263654e-01  -2.2365584e-01   3.4539023e-03  -1.5602961e-03   4.9179298e-04
   2.3392469e-02  -1.1735103e-01  -2.3016729e-01   3.1107460e-03  -1.4544828e-03   6.3223141e-04
   2.5060155e-02  -1.0509336e-01  -1.8396757e-01   3.0077121e-03  -1.9608302e-03   6.5495060e-04
   1.4576201e-02  -1.2064368e-01  -1.8494937e-01   2.4755043e-03  -1.7522013e-03   6.9074016e-04
   1.4614533e-02  -1.1340895e-01  -1.8815716e-01   2.5467458e-03  -1.8980903e-03   6.5980863e-04
   2.1216849e-02  -1.1922049e-01  -1.9769451e-01   2.6128405e-03  -1.8711430e-03   7.5356175e-04
   2.0987281e-02  -1.4129057e-01  -1.8484984e-01   2.2374201e-03  -1.8996145e-03   5.7299470e-04
   8.6893267e-03  -1.7155784e-01  -1.8453818e-01   1.9778458e-03  -2.0552247e-03   5.2685690e-04
   1.7327552e-02  -1.7790636e-01  -2.0707907e-01   2.0347004e-03  -1.9658045e-03   7.7268157e-04
   1.8646276e-02  -1.6494806e-01  -1.9074900e-01   2.1523264e-03  -2.0611033e-03   7.1198333e-04
   1.9666661e-02  -1.5980122e-01  -2.0744192e-01   1.9348538e-03  -1.9829737e-03   7.2103370e-04
   3.8256166e-03  -1.4559352e-01  -1.9608993e-01   1.7200229e-03  -2.0954909e-03   4.9337062e-04
   1.6157451e-02  -1.3095788e-01  -1.8129622e-01   1.7478276e-03  -2.1506205e-03   4.9950994e-04
   9.0648185e-03  -1.1401940e-01  -1.8733243e-01   1.5897224e-03  -2.3728262e-03   5.0306696e-04
   2.0440462e-02  -1.1334482e-01  -1.5319462e-01   1.0055177e-03  -2.3071198e-03   6.8756206e-04
  -2.0368228e-03  -1.0255010e-01  -1.9508136e-01   1.3020638e-03  -2.4528073e-03   8.8114176e-04
   2.6418680e-02  -8.6650494e-02  -1.5286295e-01   1.1411723e-03  -2.1102197e-03   9.6364943e-04
   2.9966956e-02  -1.0073208e-01  -1.4361888e-01   4.2716515e-04  -2.4473307e-03   1.2665254e-03
   3.2429049e-02  -1.0954752e-01  -7.3584859e-02  -5.7973986e-04  -2.7417819e-03   1.6226328e-03
   4.2052244e-03  -9.8346993e-02  -8.1411416e-02  -6.4165275e-04  -3.0640846e-03   9.0885492e-04
   8.5314286e-03  -9.1644262e-02  -9.9271547e-02  -5.6872151e-04  -2.9149160e-03   1.2625359e-03
   2.6556771e-03  -6.2258972e-02  -1.2327156e-01   2.0562638e-04  -2.9907870e-03   9.9741185e-04
   5.0711904e-03  -8.4847089e-02  -5.9441124e-02  -8.0964879e-04  -2.9970825e-03   9.4140573e-04
   1.6202794e-03  -7.6134491e-02  -8.1423535e-02  -4.7255027e-04  -3.1747669e-03   1.3598176e-03
  -2.4931881e-03  -7.4549864e-02  -7.6571025e-02  -3.5840555e-04  -2.9648078e-03   1.2386868e-03
   4.6954540e-03  -7.6045353e-02  -1.0337173e-01   4.8517300e-05  -3.1145551e-03   1.0553976e-03
   1.8145781e-02  -1.3259205e-01   1.9187850e-02  -2.0618758e-03  -3.3757805e-03   1.6617338e-03
   6.7339658e-03  -1.4654103e-01   2.3774537e-02  -2.3279887e-03  -3.4203860e-03   1.7875775e-03
   2.0450315e-02  -1.2797878e-01   2.1439820e-02  -1.4541774e-03  -3.2620606e-03   1.7851851e-03
   4.5034673e-02  -1.4244114e-01   3.4146418e-02  -1.1716108e-03  -3.3071195e-03   1.6351030e-03
   3.1204266e-02  -1.8618461e-01   4.5796435e-02  -1.6379624e-03  -3.4513386e-03   1.5514670e-03
   3.1181688e-02  -2.0678245e-01   1.1095746e-02  -1.1886209e-03  -3.1651777e-03   1.7745293e-03
   4.0505124e-02  -2.3296776e-01   1.8334421e-02  -1.1728459e-03  -3.1193860e-03   1.7970998e-03
   4.8722018e-02  -2.4946107e-01   3.0650324e-02  -7.9032435e-04  -3.5042251e-03   1.6484459e-03
   3.9095478e-02  -2.8416090e-01   1.7687180e-02  -9.1314616e-04  -3.4215071e-03   1.5473238e-03
   3.1042227e-02  -3.0925501e-01   1.1547610e-02  -1.2409341e-03  -3.4182689e-03   1.3683521e-03
   4.6719742e-02  -3.0689285e-01   2.9561312e-02  -1.0920012e-03  -3.6433902e-03   1.4976151e-03
   6.8110285e-02  -2.9017934e-01   6.4398476e-03  -2.0014147e-04  -3.5477692e-03   1.7583144e-03
   4.8706033e-02  -3.3922878e-01  -6.5145734e-03  -5.5189945e-04  -3.5326989e-03   1.7682633e-03
   4.8127380e-02  -3.6967588e-01   2.4897857e-03  -1.0426541e-03  -3.2750067e-03   1.7271327e-03
   3.4391436e-02  -3.3238974e-01  -3.1971959e-02  -3.3983836e-04  -3.6706721e-03   1.5499959e-03
   3.9270500e-02  -3.1828696e-01  -3.5685245e-02  -3.1492557e-04  -3.2600663e-03   1.6902648e-03
   3.0896998e-02  -3.4823027e-01  -1.7963894e-02  -8.0669853e-04  -3.4341185e-03   1.7128830e-03
   4.1761421e-02  -3.3818688e-01   7.0117346e-03  -6.7902379e-04  -3.4501456e-03   2.2071885e-03
   3.6510437e-02  -3.7144638e-01  -2.2993042e-02  -9.4468248e-04  -3.6315124e-03   1.7409477e-03
   3.5970101e-02  -3.6428529e-01  -2.2061076e-02  -5.1369107e-04  -3.3132285e-03   1.9049101e-03
   4.1408350e-02  -3.8753142e-01  -5.2973435e-02  -4.6196533e-04  -3.3530225e-03   1.8195480e-03
   4.0405265e-02  -4.1464491e-01  -2.3655907e-02  -9.3109748e-04  -3.5478302e-03   1.8591374e-03
   3.9954839e-02  -4.1456024e-01  -5.9270960e-02  -3.6676058e-04  -3.3171238e-03   1.7871509e-03
   3.3317276e-02  -4.5566005e-01  -4.3790215e-02  -8.2334079e-04  -3.2544869e-03   1.8235037e-03
   4.5564038e-02  -4.6007741e-01  -7.0104385e-02  -2.4047136e-04  -3.3242440e-03   1.6722115e-03
   5.1108288e-02  -4.4257097e-01  -5.9541921e-02   1.4764846e-04  -3.5085288e-03   2.0182701e-03
   5.9739260e-02  -4.7891660e-01  -4.3425132e-02  -6.0816135e-04  -3.5108717e-03   2.2005647e-03
   3.8935659e-02  -4.9300774e-01  -4.6922355e-02  -5.7073445e-04  -3.4599835e-03   1.9752823e-03
   5.1446780e-02  -4.7320999e-01  -7.0781748e-02  -1.6014752e-04  -3.4815449e-03   2.0903394e-03
   4.1013448e-02  -4.8036072e-01   8.4889224e-02  -1.3502090e-04  -3.2156308e-03   2.1872090e-03
   5.7052323e-02  -4.3982603e-01   1.4891654e-01   1.1180790e-03  -2.5660674e-03   1.7974692e-03
   3.7000638e-02  -4.4093303e-01   1.7348247e-01   6.5288275e-04  -3.5148166e-03   1.2137042e-03
   3.9867382e-02  -3.8023753e-01   6.0952434e-02   8.9310076e-04  -3.0126112e-03   1.9518205e-03
   4.8027546e-02  -3.3477989e-01   8.7752190e-02   9.6178587e-04  -2.9936130e-03   2.0346368e-03
   4.3425714e-02  -3.3209553e-01   1.3409808e-01  -3.9380180e-07  -3.3198120e-03   1.7443404e-03
   4.3417893e-02  -3.5463506e-01   1.2192524e-01  -1.4946331e-04  -3.1547032e-03   1.8880933e-03
   5.2131351e-02  -3.5634211e-01   1.0992941e-01   5.5112617e-05  -3.4795932e-03   1.6204119e-03
   3.5283410e-02  -3.3724743e-01   9.5503513e-02   1.0518053e-04  -3.8309145e-03   1.8339076e-03
   1.6356702e-02  -3.1430037e-01   1.2990250e-01  -6.6172925e-04  -3.7285407e-03   1.4765859e-03
   1.8469367e-03  -2.3653518e-01   6.2002219e-02   1.6161101e-04  -3.5606083e-03   1.3547444e-03
   2.2971313e-02  -2.2070157e-01   1.1202258e-01  -3.1264459e-04  -3.1756566e-03   1.6637922e-03
   1.3946372e-02  -2.4089907e-01   1.0395437e-01  -6.0504847e-04  -3.0388282e-03   1.6828537e-03
   1.3840869e-02  -2.4957340e-01   1.0727122e-01  -9.9576075e-04  -2.9776262e-03   1.9887182e-03
   2.3279293e-02  -2.0697018e-01   6.7211543e-02  -4.5711967e-04  -3.2827289e-03   1.7085772e-03
   4.0995320e-02  -1.9050064e-01   9.4875154e-02  -4.2399437e-04  -3.0241088e-03   1.8456349e-03
   2.4355725e-02  -1.8419159e-01   7.3174689e-02  -2.6084494e-04  -3.0805980e-03   1.7219095e-03
   2.6801422e-02  -1.9163897e-01   1.0454904e-01  -8.8868315e-04  -3.0475579e-03   2.1230948e-03
   2.7173597e-02  -1.5969701e-01   6.0794170e-02  -5.8413376e-04  -3.0664694e-03   1.9519383e-03
   5.3026254e-02  -1.3498811e-01   1.0961639e-01  -7.5450091e-04  -3.0985808e-03   2.2586253e-03
   4.0837105e-02  -1.5077128e-01   1.3865171e-01  -1.7183705e-03  -3.3752305e-03   1.8526532e-03
   4.7717746e-02  -1.2354951e-01   1.2345782e-01  -1.2307827e-03  -3.4464441e-03   2.1411748e-03
   3.7562671e-02  -1.5094574e-01   1.7222382e-01  -1.9857342e-03  -3.5063127e-03   1.7539920e-03
   2.1004773e-02  -1.6941677e-01   1.2168809e-01  -2.1221966e-03  -3.3023847e-03   1.8259236e-03
   2.4797472e-02  -1.3775100e-01   9.2234980e-02  -1.5747793e-03  -3.4127503e-03   1.9210813e-03
   3.9581981e-02  -1.2721753e-01   1.4073713e-01  -1.5591889e-03  -3.3348955e-03   2.0450938e-03
   3.9937796e-02  -1.5287116e-01   1.3453625e-01  -1.9811122e-03  -3.3059407e-03   1.7774258e-03
   2.6293569e-02  -1.6328838e-01   9.9313124e-02  -1.6359738e-03  -3.6603216e-03   2.4156730e-03
   4.3136115e-02  -1.9282821e-01   1.4370434e-01  -2.4670642e-03  -3.8328180e-03   2.8009034e-03
   2.8877136e-02  -1.9216997e-01   1.3199792e-01  -2.5330726e-03  -3.7982024e-03   2.4060121e-03
   5.7353536e-02  -2.0453661e-01   1.5214547e-01  -2.9636899e-03  -3.9108896e-03   2.7469551e-03
   5.4993321e-02  -1.8082191e-01   1.2625027e-01  -2.1191845e-03  -4.0433500e-03   2.7247751e-03
   7.0271148e-02  -2.1584994e-01   1.5361827e-01  -2.3949146e-03  -3.6726450e-03   2.8191114e-03
   6.2900127e-02  -2.6110645e-01   1.5225727e-01  -2.4696454e-03  -3.8431331e-03   2.7471438e-03
   6.6214984e-02  -3.1621791e-01   1.6339456e-01  -2.5501448e-03  -3.9799427e-03   2.3918380e-03
   5.8877233e-02  -3.6470410e-01   1.4679137e-01  -2.3957506e-03  -3.9455128e-03   2.3485498e-03
   5.2842142e-02  -4.0842977e-01   1.2849096e-01  -1.8255150e-03  -3.8599385e-03   2.4595683e-03
   5.2534241e-02  -4.5414936e-01   1.0263584e-01  -1.7955872e-03  -3.6224805e-03   2.1949729e-03
   5.2315596e-02  -5.2407588e-01   1.4062506e-01  -2.6338115e-03  -3.7912659e-03   2.4562488e-03
   5.7516662e-02  -5.2416492e-01   1.1719267e-01  -1.7904770e-03  -3.6329349e-03   2.4510181e-03
   5.6370380e-02  -5.3776111e-01   8.0809316e-02  -1.4948958e-03  -3.3211849e-03   2.4921646e-03
   6.9146518e-02  -5.6100937e-01   8.0195707e-02  -1.5048954e-03  -3.5799404e-03   2.5340024e-03
   5.7068369e-02  -5.9388269e-01   9.5472692e-02  -1.7749121e-03  -3.4711976e-03   2.2928882e-03
   6.1706159e-02  -5.9472544e-01   8.3826419e-02  -1.0971911e-03  -3.5443923e-03   2.0435977e-03
   5.6793828e-02  -5.9885202e-01   9.5492521e-02  -1.3026878e-03  -3.5416658e-03   2.0001338e-03
   4.8402400e-02  -6.1910517e-01   1.1247711e-01  -1.8113104e-03  -3.4595404e-03   1.9766014e-03
   6.2797417e-02  -6.0197854e-01   1.0988922e-01  -1.7515690e-03  -3.6491980e-03   2.0024344e-03
   6.9931986e-02  -5.9416714e-01   1.0082288e-01  -1.9000694e-03  -3.6826784e-03   2.0882891e-03
   5.7480513e-02  -5.8229193e-01   7.8720776e-02  -1.5616867e-03  -3.7037728e-03   2.0986846e-03
   5.6375063e-02  -5.8166202e-01   1.0483476e-01  -1.8458340e-03  -3.7634382e-03   2.1403361e-03
   5.0038779e-02  -5.9334797e-01   1.2150751e-01  -2.1776509e-03  -3.7923910e-03   1.9806119e-03
   6.0708971e-02  -5.7605469e-01   1.4270094e-01  -2.4925201e-03  -3.8553168e-03   2.1992413e-03
   5.6128253e-02  -5.6481877e-01   9.5103499e-02  -2.2500601e-03  -3.8210682e-03   2.1033615e-03
   5.6448432e-02  -5.4232833e-01   1.2012304e-01  -2.1841012e-03  -3.6937880e-03   2.3037111e-03
   4.9663661e-02  -5.1176347e-01   6.8326901e-02  -1.4374470e-03  -3.7000506e-03   2.3200445e-03
   4.6956977e-02  -5.2023157e-01   1.0623760e-01  -2.4302419e-03  -3.5863247e-03   2.2358348e-03
   1.9470414e-02  -4.7556832e-01   8.6313201e-02  -2.5624693e-03  -3.9063205e-03   1.8372561e-03
   2.1737728e-02  -4.3243726e-01   9.9470034e-02  -2.3962008e-03  -3.9377417e-03   1.8991967e-03
   5.2728115e-03  -4.4482415e-01   3.8039791e-02  -2.0285496e-03  -3.7808484e-03   1.8034785e-03
   2.5805296e-02  -4.6473902e-01   1.0597757e-01  -4.0835827e-03  -4.3689519e-03   2.5628149e-03
   3.5976208e-02  -4.2940042e-01   1.1587739e-01  -4.5158994e-03  -4.2383019e-03   2.8089326e-03
   4.0019206e-02  -4.1245355e-01   1.2368936e-01  -4.2810988e-03  -4.1869546e-03   2.7395713e-03
   5.8178743e-02  -3.8350178e-01   1.1110678e-01  -4.1957886e-03  -4.4333794e-03   2.8281758e-03
   2.9529201e-02  -3.6796926e-01   1.2978159e-01  -4.3565527e-03  -4.5724981e-03   2.4839563e-03
   4.5539732e-03  -3.4245585e-01   4.9577813e-02  -3.9042709e-03  -4.5208677e-03   2.2613126e-03
   1.6875454e-02  -3.3657643e-01   1.2450542e-01  -4.4639049e-03  -4.5254026e-03   2.3393178e-03
   3.4183527e-02  -3.0611534e-01   7.9755988e-02  -3.5787799e-03  -4.4569908e-03   2.2446584e-03
   7.9275581e-03  -3.4780294e-01   9.0662652e-02  -4.4287513e-03  -4.9318143e-03   2.5501554e-03
   2.0373338e-02  -3.3691571e-01   8.0073173e-02  -4.2338101e-03  -5.1456578e-03   2.4076955e-03
   1.2906769e-02  -3.8824672e-01   1.4646993e-01  -5.3813938e-03  -4.2070484e-03   2.6592693e-03
   7.3745977e-03  -3.4171109e-01  -4.4742782e-03  -2.8347765e-03  -4.6455545e-03   2.4605900e-03
   1.0892942e-02  -3.3526246e-01   3.7045359e-02  -1.7744418e-03  -5.0189477e-03   3.3102017e-03
   3.6301722e-02  -3.4899374e-01   1.7298978e-01  -3.8452811e-03  -4.9001735e-03   3.6045492e-03
   2.7409985e-02  -3.3933349e-01   1.6591772e-01  -3.9103909e-03  -5.0333543e-03   3.1381300e-03
   3.3274978e-02  -2.9881712e-01   1.6423265e-01  -3.4283906e-03  -5.1085723e-03   3.1227678e-03
   3.1946000e-02  -3.0619738e-01   1.8189950e-01  -3.3699018e-03  -4.9906525e-03   3.3116484e-03
   3.3078191e-02  -3.4191906e-01   2.1439413e-01  -5.0164937e-03  -4.9924275e-03   2.9671121e-03
   5.1265179e-02  -3.1307488e-01   2.8960118e-01  -4.7391832e-03  -4.8715305e-03   3.0931438e-03
   2.3318482e-03  -3.3128219e-01  -1.1520152e-01  -3.8304635e-03  -5.3216644e-03   3.4592105e-03
   2.2649587e-02  -3.2790888e-01   1.7632389e-01  -6.7619754e-03  -5.3391561e-03   3.5835985e-03
   2.7697184e-02  -3.2145861e-01   4.2087105e-01  -7.7026764e-03  -5.2280209e-03   3.5970686e-03
   1.1359687e-02  -3.3107894e-01   3.4183958e-01  -7.8053322e-03  -5.5464742e-03   3.2064603e-03
   1.8864549e-02  -3.1859861e-01   4.1434696e-01  -7.5636229e-03  -5.3873722e-03   3.3062769e-03
   8.1897635e-03  -4.1793060e-01   4.1407989e-01  -8.5456819e-03  -5.8420810e-03   3.3094097e-03
  -8.2059755e-03  -4.6087015e-01   4.0168271e-01  -8.9430868e-03  -5.6536578e-03   3.6072441e-03
   7.9557093e-03  -4.6267262e-01   3.4584102e-01  -7.9925299e-03  -5.5884251e-03   3.4254028e-03
   8.0159502e-04  -5.2101369e-01   3.7229530e-01  -8.3828154e-03  -5.4184685e-03   3.6698623e-03
   2.9940319e-03  -5.3410897e-01   3.3103206e-01  -7.5383969e-03  -5.2515345e-03   3.4664716e-03
   7.1854997e-03  -5.9581242e-01   3.6984873e-01  -8.0881431e-03  -5.5935742e-03   3.6482439e-03
  -3.1288008e-03  -6.3572307e-01   3.4246090e-01  -7.6761061e-03  -5.5682139e-03   3.0986307e-03
  -1.2439466e-02  -6.6377999e-01   4.1901912e-01  -8.3921521e-03  -5.6525985e-03   3.2053089e-03
  -1.7857159e-02  -6.5565327e-01   3.4932977e-01  -7.6824042e-03  -5.4578615e-03   3.0417322e-03
  -1.5978712e-02  -6.8650938e-01   4.1392006e-01  -8.3643890e-03  -5.4541793e-03   3.2607879e-03
  -1.9039672e-02  -6.1888457e-01   4.1436068e-01  -7.9383373e-03  -5.3560849e-03   2.7395506e-03
  -2.3101006e-02  -5.7967127e-01   4.5041061e-01  -8.7736177e-03  -5.4579252e-03   3.2090153e-03
  -1.5005815e-02  -5.1575880e-01   4.2393034e-01  -8.3302794e-03  -5.7392685e-03   3.1497746e-03
  -2.2693759e-02  -4.8230267e-01   3.8153420e-01  -9.3050354e-03  -6.6999462e-03   3.8544353e-03
  -1.4011076e-02  -4.4405853e-01   4.6787586e-01  -9.8714553e-03  -6.3337463e-03   3.8278657e-03
  -1.3444648e-02  -4.0909393e-01   4.5909014e-01  -1.0150772e-02  -6.0269018e-03   3.8032829e-03
  -1.2131512e-02  -3.6883752e-01   4.7563816e-01  -9.4420396e-03  -6.2232024e-03   3.6137237e-03
  -6.6521110e-03  -3.6204803e-01   4.8207762e-01  -9.7838321e-03  -6.0026502e-03   3.5797307e-03
  -1.5866233e-02  -3.5894430e-01   4.7746678e-01  -1.0390078e-02  -5.7869360e-03   3.4734563e-03
  -4.0383852e-02  -3.1278957e-01   4.7065511e-01  -9.6866290e-03  -6.3738832e-03   3.3622442e-03
  -4.0795552e-02  -3.3916103e-01   4.9211354e-01  -1.0235639e-02  -6.2034816e-03   3.1997347e-03
  -5.3476018e-02  -3.4603148e-01   4.6141449e-01  -1.0179177e-02  -6.3479810e-03   3.1850775e-03
  -5.1994224e-02  -3.4066932e-01   4.7619321e-01  -1.0677529e-02  -6.3511810e-03   3.0346164e-03
  -6.6503882e-02  -2.8804374e-01   4.6135917e-01  -1.0066962e-02  -6.6301293e-03   2.8719246e-03
  -5.4605396e-02  -3.3065082e-01   5.1051357e-01  -1.0586011e-02  -6.3562368e-03   2.7393557e-03
  -5.4625408e-02  -3.4107663e-01   4.9809968e-01  -1.0242079e-02  -6.6245406e-03   3.1870431e-03
  -2.6731606e-02  -3.7262616e-01   7.8963713e-01  -1.2364765e-02  -5.9452960e-03   2.9863456e-03
  -1.0178837e-02  -3.2957276e-01   4.6795929e-01  -1.1580035e-02  -6.2398894e-03   4.3759302e-03
  -1.3350827e-02  -3.0678314e-01   4.9286518e-01  -1.0683989e-02  -6.0941246e-03   4.7392423e-03
  -1.3155478e-02  -3.5793201e-01   3.0871144e-01  -1.0542679e-02  -6.4351289e-03   4.8615539e-03
   5.3589259e-03  -3.8024309e-01   3.0455792e-01  -1.0772468e-02  -6.7296106e-03   5.4078547e-03
   1.3029651e-03  -4.2514596e-01   3.0735140e-01  -1.0924254e-02  -6.0530130e-03   4.9833341e-03
  -3.3622981e-02  -4.6638622e-01   3.5745645e-01  -1.1085371e-02  -6.0557293e-03   4.8252064e-03
  -4.1468170e-02  -4.7650323e-01   3.8124791e-01  -1.0701064e-02  -6.2064473e-03   4.9118980e-03
  -3.7008142e-02  -5.0066383e-01   4.1477928e-01  -1.1300908e-02  -5.9606964e-03   4.6949742e-03
   5.6341355e-03  -5.0093995e-01   4.2249114e-01  -1.2149537e-02  -6.0499515e-03   5.2086550e-03
  -2.4373521e-03  -5.3030575e-01   3.7897266e-01  -1.2134250e-02  -6.4777015e-03   5.1431480e-03
  -2.3769814e-02  -5.1156047e-01   3.6342479e-01  -1.1258580e-02  -6.6034166e-03   4.8669674e-03
  -1.1326683e-02  -4.4367031e-01   3.8648833e-01  -1.0980638e-02  -6.5846123e-03   4.9439520e-03
  -9.4690758e-03  -4.4446570e-01   3.8406706e-01  -1.1424041e-02  -6.5012356e-03   5.0336573e-03
  -1.4313392e-02  -4.0101848e-01   4.2196429e-01  -1.1517350e-02  -6.7183305e-03   4.8986608e-03
  -5.3288572e-02  -4.0804246e-01   4.2174288e-01  -1.1688805e-02  -7.4168648e-03   4.4408684e-03
  -2.8604153e-02  -3.8876276e-01   3.9158912e-01  -1.1188590e-02  -7.2899906e-03   5.0096811e-03
  -2.0834327e-02  -4.2728860e-01   4.5277342e-01  -1.1997600e-02  -7.0659957e-03   4.9932850e-03
  -2.4999389e-02  -4.0116590e-01   3.9878350e-01  -1.1746163e-02  -7.5174165e-03   4.9236118e-03
  -8.0415632e-04  -3.7570642e-01   4.0196592e-01  -1.1464219e-02  -7.6146922e-03   5.4224496e-03
  -5.3940530e-03  -3.7117368e-01   4.3942170e-01  -1.1742486e-02  -7.2099568e-03   5.1415336e-03
  -1.0652079e-02  -3.9409865e-01   4.4486092e-01  -1.2422221e-02  -7.0799877e-03   4.9542616e-03
  -2.4548488e-02  -3.7575379e-01   3.8398176e-01  -1.2066436e-02  -7.4523213e-03   4.9797030e-03
  -3.9449437e-02  -3.5949983e-01   4.0668989e-01  -1.2211297e-02  -7.1961069e-03   4.7980142e-03
  -3.1187073e-02  -3.6514334e-01   4.0223137e-01  -1.2320253e-02  -7.2554737e-03   4.6304160e-03
  -1.0090028e-02  -3.5367774e-01   4.2862841e-01  -1.2081819e-02  -7.5817898e-03   4.9836385e-03
  -3.8053389e-02  -3.5495345e-01   3.7183512e-01  -1.1935507e-02  -7.5128801e-03   4.7089692e-03
  -3.5068583e-02  -3.6829773e-01   4.1260826e-01  -1.2296107e-02  -7.3417917e-03   5.1634968e-03
  -1.0071378e-02  -3.6580613e-01   4.3375822e-01  -1.2250111e-02  -7.3695309e-03   5.4363578e-03
  -2.0114760e-02  -3.6608682e-01   4.3278853e-01  -1.2970069e-02  -7.4435919e-03   5.4377359e-03
  -3.1767779e-02  -3.8331577e-01   4.7555741e-01  -1.4001972e-02  -7.3468591e-03   5.2758211e-03
  -8.8783784e-03  -3.7374533e-01   4.2617542e-01  -1.4047642e-02  -7.6175033e-03   6.2535493e-03
   3.6606107e-03  -3.5333049e-01   4.1138000e-01  -1.3717744e-02  -7.2997045e-03   6.2865607e-03
   4.8657141e-04  -3.4421301e-01   4.5848809e-01  -1.3919187e-02  -7.5840771e-03   6.3147493e-03
  -9.8658418e-03  -3.4914338e-01   4.8027822e-01  -1.4395495e-02  -7.0891342e-03   6.2194290e-03
  -7.2667418e-03  -3.6580883e-01   4.5247166e-01  -1.4616833e-02  -7.8691221e-03   6.9753727e-03
   5.5577539e-04  -3.8764089e-01   3.2412862e-01  -1.4660816e-02  -7.9511305e-03   7.0259017e-03
  -2.6273708e-03  -3.7866003e-01   3.7783907e-01  -1.4988877e-02  -7.8191710e-03   6.8702001e-03
   9.0534779e-03  -3.7225255e-01   3.2791203e-01  -1.4916337e-02  -7.6636827e-03   6.9042250e-03
  -2.1032766e-03  -3.5084926e-01   3.6404935e-01  -1.4757249e-02  -7.7946270e-03   6.7196483e-03
  -5.7903051e-03  -3.8891738e-01   3.4156671e-01  -1.5464502e-02  -7.6648274e-03   6.6821605e-03
  -9.8043247e-03  -4.2023079e-01   4.1819746e-01  -1.5753308e-02  -8.1315998e-03   6.8183249e-03
   5.5548688e-02  -3.5190343e-01   1.5169378e-01  -9.7678078e-03  -6.6154736e-03   6.6125140e-03
   7.9791228e-02  -3.7980987e-01   1.4193525e-01  -1.0807839e-02  -6.5693842e-03   6.5564076e-03
   7.8635387e-02  -3.7479954e-01   2.8709548e-01  -1.2241321e-02  -6.9036224e-03   6.9484758e-03
   7.3759145e-02  -3.9567648e-01   2.7803135e-01  -1.1903939e-02  -7.0077164e-03   6.5917960e-03
   5.4047428e-02  -4.4077914e-01   3.4368246e-01  -1.3284875e-02  -7.8151030e-03   6.4288365e-03
   6.1653301e-02  -4.3713654e-01   2.8980441e-01  -1.2809997e-02  -7.4226631e-03   6.3753623e-03
   7.3269163e-02  -4.6750549e-01   3.4199307e-01  -1.3659131e-02  -7.2047252e-03   6.4667046e-03
   7.3937712e-02  -4.6340037e-01   3.3329271e-01  -1.2875066e-02  -7.5586708e-03   6.2341140e-03
   5.6658600e-02  -4.9919292e-01   3.7999584e-01  -1.3930574e-02  -7.8462011e-03   6.0072252e-03
   5.6624941e-02  -5.0943112e-01   3.4635202e-01  -1.3573412e-02  -7.9495256e-03   5.9104133e-03
   5.4843150e-02  -5.2380139e-01   4.1356605e-01  -1.4056634e-02  -8.0042991e-03   5.9794670e-03
   4.4409010e-02  -5.7007846e-01   4.0555757e-01  -1.4201210e-02  -8.3063452e-03   5.5252832e-03
   2.7652740e-02  -5.7439846e-01   3.7352117e-01  -1.4453557e-02  -8.2620452e-03   5.7048908e-03
   1.7003958e-02  -6.0667125e-01   3.7194047e-01  -1.4585865e-02  -8.1769368e-03   5.6551991e-03
   2.4188756e-02  -6.1856495e-01   3.7780385e-01  -1.4971617e-02  -7.6885959e-03   6.0399393e-03
   4.4814442e-02  -6.4627779e-01   4.2968645e-01  -1.5405978e-02  -7.8209840e-03   5.6004271e-03
   3.8694403e-02  -6.4837195e-01   4.1876684e-01  -1.5540946e-02  -7.9280539e-03   5.9175130e-03
   5.2729767e-02  -6.3940683e-01   4.2695415e-01  -1.4815299e-02  -8.1662989e-03   5.5096012e-03
   1.3713400e-02  -6.5911451e-01   4.2120429e-01  -1.5382964e-02  -8.1946519e-03   5.2874469e-03
   2.7524172e-02  -6.8182308e-01   4.3685843e-01  -1.5386349e-02  -8.0181482e-03   5.5497273e-03
   1.8149154e-02  -6.6514532e-01   4.2582002e-01  -1.5690300e-02  -8.3416624e-03   5.6232703e-03
   3.7827666e-02  -6.5315314e-01   4.2470500e-01  -1.5602050e-02  -8.4274225e-03   5.7075169e-03
   1.4078986e-02  -6.2922871e-01   3.9928196e-01  -1.5723518e-02  -8.4464406e-03   5.8117459e-03
   3.3183605e-02  -6.3129143e-01   4.3559850e-01  -1.6207317e-02  -7.2518648e-03   5.4724563e-03
   3.3193813e-02  -6.6107034e-01   4.7495078e-01  -1.7432524e-02  -7.6925833e-03   5.1571907e-03
   1.0824307e-01  -5.8498641e-01   2.3109725e-01  -1.2155152e-02  -5.7908424e-03   6.2366329e-03
   9.0545688e-02  -5.8885028e-01   1.3692467e-01  -1.0849282e-02  -4.6377235e-03   5.9755370e-03
   1.1238316e-01  -5.8080560e-01   2.7975245e-01  -1.3074889e-02  -5.0362577e-03   5.9873706e-03
   1.1833331e-01  -5.7822319e-01   2.6665750e-01  -1.2767337e-02  -4.8632836e-03   6.2603531e-03
   1.3041590e-01  -6.2208346e-01   2.8050225e-01  -1.3100557e-02  -3.9504664e-03   6.5372058e-03
   1.3205990e-01  -5.9733155e-01   2.6531650e-01  -1.3217901e-02  -4.7036606e-03   6.3686234e-03
   1.2335334e-01  -5.5315203e-01   3.1985384e-01  -1.5454526e-02  -4.3986615e-03   6.3561134e-03
   1.6060699e-01  -5.3049486e-01   3.0815874e-01  -1.4487471e-02  -4.6014363e-03   7.3010387e-03
   1.6562890e-01  -5.8401056e-01   3.8576963e-01  -1.5672065e-02  -4.9963443e-03   7.1519457e-03
   1.6803424e-01  -6.1027419e-01   3.4749118e-01  -1.5520959e-02  -4.5708022e-03   7.0335316e-03
   1.7756021e-01  -6.2455540e-01   3.8786893e-01  -1.5423326e-02  -5.1300564e-03   7.1879700e-03
   1.9183272e-01  -6.4517672e-01   3.5955057e-01  -1.5461675e-02  -5.1400836e-03   7.3077545e-03
   1.3137907e-01  -6.7203565e-01   3.6626668e-01  -1.6235363e-02  -5.8735106e-03   6.8457833e-03
   1.3789602e-01  -6.2536790e-01   3.3172863e-01  -1.5566070e-02  -5.2002288e-03   6.8740785e-03
   1.4820688e-01  -5.8434324e-01   3.3717929e-01  -1.5346787e-02  -4.9909747e-03   7.1160637e-03
   1.3607059e-01  -5.6101103e-01   3.1201884e-01  -1.5335437e-02  -4.0259163e-03   6.8783323e-03
   9.0977852e-02  -5.3758357e-01   3.3036440e-01  -1.5454849e-02  -3.9462758e-03   6.5209452e-03
   6.2988143e-02  -5.4063434e-01   3.1831002e-01  -1.5875387e-02  -4.2230033e-03   6.1660454e-03
   1.4235664e-01  -5.0450295e-01   2.9272835e-01  -1.4996301e-02  -3.4590135e-03   7.1412387e-03
   1.3334441e-01  -4.8153536e-01   3.1995963e-01  -1.4970621e-02  -3.4550107e-03   7.0818479e-03
   1.3189095e-01  -4.6411524e-01   3.0210436e-01  -1.4980387e-02  -3.5683164e-03   6.9925092e-03
   1.1892021e-01  -4.8571675e-01   3.1850011e-01  -1.5289714e-02  -3.3490995e-03   6.8861021e-03
   1.4379068e-01  -4.9695637e-01   3.0959700e-01  -1.5671333e-02  -3.2295280e-03   6.9993393e-03
   1.4882272e-01  -5.0611715e-01   3.3155816e-01  -1.5398822e-02  -3.3917019e-03   7.0120058e-03
   1.2991867e-01  -5.1480716e-01   3.2742442e-01  -1.5620801e-02  -3.3651869e-03   6.8818484e-03
   1.3531950e-01  -5.2340974e-01   3.2722065e-01  -1.5393274e-02  -3.2707795e-03   6.9606750e-03
