  -1.4210855e-14   0.0000000e+00   0.0000000e+00   0.0000000e+00   0.0000000e+00   0.0000000e+00
   3.7627283e-03  -2.8799529e-03   7.3104463e-02  -5.7359659e-04  -1.4371203e-04   1.6423256e-04
  -7.4720513e-03   2.5695308e-02   1.5796287e-01  -4.7250566e-04  -6.2222018e-04  -4.5516073e-05
  -9.7574668e-03  -1.7483197e-02   1.8604020e-01  -1.8260914e-03  -2.7701276e-04   3.0226863e-04
  -2.7951806e-02  -1.4574740e-02   2.2184396e-01  -1.4137023e-03  -6.1909355e-04   1.4250209e-04
  -4.1148234e-02  -7.3814457e-02   2.0976490e-01  -2.1836881e-03  -9.2940461e-04   1.1331523e-04
  -3.8114383e-02  -5.7588527e-02   2.3878669e-01  -1.6881522e-03  -7.9489991e-04  -2.0039036e-05
  -5.7850875e-02  -1.0100296e-01   2.9423762e-01  -3.1777719e-03  -8.4803991e-04  -2.8831030e-04
  -7.1914814e-02  -1.0911399e-01   2.9070925e-01  -2.5098168e-03  -7.4555699e-04  -9.8738644e-04
  -7.7394974e-02  -1.4350365e-01   2.4776201e-01  -3.0225115e-03  -1.0298487e-03  -9.4958911e-04
  -6.4264983e-02  -1.2254846e-01   3.0584891e-01  -3.0677554e-03  -9.2602961e-04  -8.3041163e-04
  -9.4003281e-02  -1.4438410e-01   3.2817816e-01  -3.7239161e-03  -1.6349025e-03  -1.1476799e-03
  -1.4275715e-01  -1.6557318e-01   3.2297564e-01  -3.3923164e-03  -1.2702928e-03  -1.8320228e-03
  -8.0134282e-02  -2.0007943e-01   3.5088805e-01  -4.9614852e-03  -1.0373580e-03  -1.7042516e-03
  -1.0228137e-01  -1.4553025e-01   3.3089523e-01  -3.2779516e-03  -1.3903687e-03  -1.7726519e-03
  -1.1897916e-01  -2.0199017e-01   4.5335189e-01  -5.8413677e-03  -2.3678677e-03  -2.3503464e-03
  -1.7816753e-01  -1.1949028e-01   2.5762965e-01  -1.3823277e-03  -1.9088231e-03  -2.9097513e-03
  -2.5258274e-01  -3.2319247e-01  -5.6342057e-01  -5.6214009e-03   2.3660780e-03  -2.4559897e-03
  -2.0502327e-01  -5.3713232e-01  -1.5334625e-01  -1.4468099e-02   2.7367910e-03  -3.4293362e-03
  -1.6372533e-01  -4.2362208e-01  -1.4777878e-02  -1.1241356e-02   1.6898799e-03  -3.2284018e-03
  -1.7161517e-01  -5.5147143e-01   1.4889052e-01  -1.4761141e-02   1.3461280e-03  -3.2257808e-03
  -2.0968368e-01  -5.3968277e-01   1.5853137e-01  -1.3989603e-02   1.0811420e-03  -3.3851172e-03
  -1.9118673e-01  -5.8736324e-01   2.0229535e-01  -1.5472972e-02   1.1231189e-03  -3.2450663e-03
  -1.9658936e-01  -5.5034463e-01   2.1252035e-01  -1.4610110e-02   1.0997075e-03  -3.7171287e-03
  -2.2137397e-01  -5.8853859e-01   2.6617251e-01  -1.6170804e-02   3.4132483e-04  -3.7394376e-03
  -2.6340026e-01  -5.3367915e-01   2.8850705e-01  -1.4925511e-02   6.7057987e-04  -4.0758664e-03
  -2.6320162e-01  -6.0940305e-01   2.8663018e-01  -1.6285550e-02   4.4383456e-04  -4.1366009e-03
  -2.6550856e-01  -5.6425308e-01   3.3433105e-01  -1.5432853e-02   5.0710248e-04  -4.4393527e-03
  -2.8605741e-01  -6.0402967e-01   3.9587260e-01  -1.6287883e-02  -1.6516030e-04  -4.6036235e-03
  -2.6755078e-01  -6.1426578e-01   3.8661067e-01  -1.6148666e-02   2.2356876e-04  -4.7717092e-03
  -2.8441667e-01  -6.1175291e-01   3.8731333e-01  -1.6488671e-02   1.1950662e-04  -5.3124262e-03
  -2.8917504e-01  -5.9293162e-01   3.4675555e-01  -1.5943270e-02   2.2650289e-05  -5.3319369e-03
  -2.6732364e-01  -5.7865323e-01   4.0396156e-01  -1.5815521e-02   7.1006429e-05  -5.2136160e-03
  -2.9242724e-01  -5.9030893e-01   3.4421280e-01  -1.5333064e-02  -1.2264187e-04  -5.4318872e-03
  -2.7631910e-01  -6.2691098e-01   4.2299165e-01  -1.6755121e-02  -2.7210832e-04  -5.5294514e-03
  -3.3073601e-01  -5.9495921e-01   3.9135194e-01  -1.5564491e-02  -2.7918225e-04  -6.4117313e-03
  -2.9712692e-01  -6.2678971e-01   3.9632090e-01  -1.6019636e-02  -1.4281863e-04  -6.1241309e-03
  -3.2675835e-01  -6.1183189e-01   4.0631120e-01  -1.5494031e-02  -6.2642751e-04  -6.6687351e-03
  -3.1318977e-01  -6.1480188e-01   4.2165775e-01  -1.5270544e-02  -3.8588174e-04  -6.7466543e-03
  -3.1967480e-01  -5.5540998e-01   4.0606012e-01  -1.4346010e-02  -1.5346537e-04  -7.1088345e-03
  -3.0732330e-01  -5.6024873e-01   5.0428480e-01  -1.4794351e-02  -5.5226694e-04  -7.0194356e-03
  -3.4076121e-01  -3.8996790e-01  -7.6848550e-02  -8.2449715e-03   2.7484501e-03  -7.8766142e-03
  -4.2077232e-01  -5.3633131e-01  -2.6693852e-02  -1.2655595e-02   2.7823586e-03  -8.5581214e-03
  -3.9603634e-01  -4.9978062e-01   2.4769212e-01  -1.3114544e-02   1.9106667e-03  -8.8613896e-03
  -3.7770810e-01  -5.2201777e-01   1.9641521e-01  -1.2804151e-02   2.2390875e-03  -8.1291321e-03
  -3.6383266e-01  -5.4040503e-01   2.5635935e-01  -1.2935064e-02   1.6856142e-03  -8.2061463e-03
  -3.8361746e-01  -5.6563086e-01   2.8771875e-01  -1.3789952e-02   1.6427426e-03  -8.6230506e-03
  -3.9182321e-01  -5.4067193e-01   3.0960589e-01  -1.3647796e-02   1.2347811e-03  -8.7514839e-03
  -3.9490875e-01  -5.2177324e-01   3.0579030e-01  -1.3519358e-02   1.3038077e-03  -8.8450403e-03
  -4.0621581e-01  -4.9445863e-01   3.1773095e-01  -1.2943795e-02   8.2631190e-04  -9.1667430e-03
  -4.0453898e-01  -5.4933162e-01   2.7490283e-01  -1.3391970e-02   1.3544299e-03  -9.0774104e-03
  -4.3931607e-01  -5.3978540e-01   3.5589291e-01  -1.4245564e-02   9.9905747e-04  -9.3448087e-03
  -4.4901901e-01  -5.4933715e-01   2.5949491e-01  -1.3814405e-02   7.5442870e-04  -9.2054324e-03
  -4.1646819e-01  -5.4305011e-01   2.9056866e-01  -1.3971851e-02   7.8503905e-04  -8.9938387e-03
  -4.3657385e-01  -5.4445788e-01   3.1790024e-01  -1.3870756e-02   7.4606113e-04  -9.1108764e-03
  -4.7119714e-01  -5.4527475e-01   3.3620898e-01  -1.4069552e-02   5.4665482e-04  -8.9915419e-03
  -4.5624038e-01  -5.1485607e-01   3.5227278e-01  -1.3551291e-02   6.0577011e-04  -8.9803870e-03
  -4.5828233e-01  -4.9452823e-01   3.4700943e-01  -1.3118460e-02   6.0575737e-04  -9.2059009e-03
  -4.6664314e-01  -5.4164782e-01   3.5234449e-01  -1.3658299e-02   4.1967498e-04  -9.2477917e-03
  -4.6163545e-01  -4.6887137e-01   3.2926305e-01  -1.2275710e-02  -5.5348838e-05  -9.0547259e-03
  -4.7342641e-01  -5.1102958e-01   3.1065947e-01  -1.2351671e-02   2.2832403e-04  -9.1767107e-03
  -4.5053699e-01  -5.2220326e-01   3.2987887e-01  -1.2672379e-02   3.7608227e-04  -8.9982567e-03
  -4.7770385e-01  -5.3447863e-01   3.2600325e-01  -1.2659976e-02   1.9944103e-04  -9.4210145e-03
  -4.8665125e-01  -5.3846027e-01   3.3555043e-01  -1.2480120e-02   4.0610377e-04  -9.4935940e-03
  -4.6690248e-01  -5.4528063e-01   3.1129229e-01  -1.2310575e-02   3.4810365e-04  -9.5286438e-03
  -4.6246537e-01  -5.2499835e-01   3.2966326e-01  -1.2030925e-02   2.9699361e-04  -9.5515794e-03
  -4.6489469e-01  -5.4912642e-01   3.2493999e-01  -1.2078865e-02   3.7200818e-04  -9.6913522e-03
  -4.5730473e-01  -5.4140609e-01   3.3791771e-01  -1.1732192e-02   4.6481186e-04  -9.5441605e-03
  -4.3711404e-01  -5.1578606e-01   3.0588713e-01  -1.1128592e-02   6.8882717e-04  -9.7432627e-03
  -4.6268172e-01  -4.6173800e-01   3.3886105e-01  -1.0519036e-02   3.0873462e-04  -9.9950318e-03
  -4.7425036e-01  -4.4275462e-01   3.5554447e-01  -1.0126358e-02  -7.1419022e-06  -1.0079544e-02
  -4.5875202e-01  -4.9928218e-01   3.4569493e-01  -1.0811307e-02  -2.0079587e-04  -9.8625366e-03
  -4.0689479e-01  -4.3281072e-01   2.7641669e-01  -9.2564624e-03  -6.6819737e-04  -9.2414712e-03
  -4.2716213e-01  -4.7868331e-01   3.5477061e-01  -9.5235091e-03  -6.9377515e-05  -9.3449270e-03
  -4.2686377e-01  -5.0554957e-01   3.3942819e-01  -1.0044063e-02   1.7073377e-04  -9.4435847e-03
  -4.3560735e-01  -4.5161708e-01   3.9254871e-01  -9.7205029e-03  -1.0073684e-05  -9.9030555e-03
  -4.4801318e-01  -4.3058410e-01   3.6778992e-01  -9.1907315e-03   1.1850749e-04  -9.6753083e-03
  -4.4603628e-01  -4.2614827e-01   3.6932791e-01  -9.1632593e-03  -3.5423320e-04  -9.7672839e-03
  -4.5327902e-01  -4.1994471e-01   3.6408766e-01  -8.8629445e-03  -6.3690980e-04  -9.7796260e-03
  -4.7581735e-01  -4.6696158e-01   3.6039758e-01  -9.5668275e-03  -4.9587967e-04  -1.0069469e-02
  -4.8342400e-01  -4.2813342e-01   3.1545458e-01  -8.7780590e-03  -5.6558309e-04  -1.0159258e-02
  -4.6430317e-01  -4.2951928e-01   3.4663647e-01  -8.6050616e-03  -9.1168289e-05  -1.0069032e-02
  -4.6283685e-01  -4.0506816e-01   3.3666918e-01  -8.1663007e-03  -1.0028022e-04  -9.9865023e-03
  -4.7804970e-01  -4.6090436e-01   3.3610950e-01  -8.8229749e-03  -2.8827046e-04  -1.0057415e-02
  -4.7012927e-01  -4.0889695e-01   3.5174330e-01  -8.3533207e-03  -5.4013215e-04  -1.0163462e-02
  -4.6553037e-01  -3.9228257e-01   3.3724528e-01  -7.3672660e-03  -4.9884341e-04  -1.0153883e-02
  -4.3925583e-01  -3.6840822e-01   2.9575897e-01  -6.3531768e-03  -4.1287749e-04  -9.6786700e-03
  -4.7440487e-01  -3.6280895e-01   3.4232806e-01  -6.2517429e-03  -4.8441354e-04  -1.0161195e-02
  -4.6023548e-01  -4.1723952e-01   3.0065586e-01  -7.2331438e-03  -4.3614416e-04  -1.0228807e-02
  -4.4345830e-01  -3.5220622e-01   3.0139281e-01  -5.9124446e-03  -3.9233113e-04  -9.8278815e-03
  -4.6080330e-01  -3.3048892e-01   3.0434649e-01  -5.6096936e-03  -4.7937100e-04  -9.9617106e-03
  -4.4236221e-01  -4.1579459e-01   3.3378704e-01  -6.3829013e-03  -5.1291372e-04  -1.0018867e-02
  -4.3246832e-01  -3.8240271e-01   3.1378374e-01  -6.0451898e-03  -3.6210287e-04  -9.8993672e-03
  -4.2665511e-01  -3.7517542e-01   3.6497393e-01  -5.9764999e-03  -2.9304729e-04  -9.5943901e-03
  -4.0123377e-01  -3.5324587e-01   3.1513557e-01  -5.4812341e-03  -4.6999148e-04  -9.4618747e-03
  -3.7127349e-01  -2.9828186e-01   2.7018936e-01  -4.1138029e-03  -4.6697074e-04  -9.2688646e-03
  -4.1085485e-01  -3.5071695e-01   3.3485388e-01  -4.7234971e-03  -4.2785363e-04  -9.6195392e-03
  -4.2154214e-01  -4.0989217e-01   3.6127260e-01  -5.0526858e-03  -2.7147313e-04  -9.5952144e-03
  -4.2755434e-01  -4.2001151e-01   3.8096255e-01  -5.4449345e-03  -4.6332446e-04  -9.8431134e-03
  -4.1600488e-01  -4.3700435e-01   3.5216496e-01  -5.2383898e-03  -6.8536929e-04  -9.7413212e-03
  -4.0618358e-01  -4.3222148e-01   2.9540328e-01  -4.6202491e-03  -2.2769814e-04  -1.0073954e-02
  -3.7422480e-01  -4.1522671e-01   2.8853385e-01  -4.3367881e-03  -3.2592981e-04  -1.0059838e-02
  -3.7675444e-01  -3.9407458e-01   2.9544210e-01  -4.0951309e-03  -2.4544554e-04  -1.0114807e-02
  -3.4717110e-01  -3.9941580e-01   2.9809334e-01  -4.3634493e-03  -5.7537710e-05  -9.7822228e-03
  -3.8562639e-01  -4.4051066e-01   3.1346046e-01  -4.7550086e-03  -2.5608534e-04  -1.0155869e-02
  -5.1432345e-01  -5.0242768e-01   4.2790692e-01  -6.3286550e-03  -1.0686804e-03  -1.2018617e-02
  -4.6866414e-01  -4.8241065e-01   3.0970539e-01  -5.0894423e-03   2.2277750e-04  -1.2203954e-02
  -4.1590090e-01  -4.0989408e-01   1.8614568e-01  -3.4858130e-03  -4.0060540e-04  -1.1967491e-02
  -4.6786013e-01  -4.3218561e-01   2.4829826e-01  -3.8524853e-03  -9.8107244e-04  -1.2277682e-02
  -4.6085936e-01  -4.4101382e-01   2.4383829e-01  -4.0276859e-03  -1.5323180e-04  -1.2198195e-02
  -4.7620640e-01  -4.4910185e-01   2.9384177e-01  -4.3878840e-03  -7.3333769e-04  -1.2291156e-02
  -4.3763478e-01  -4.6681302e-01   2.6358651e-01  -4.8120842e-03  -8.6099331e-04  -1.1885159e-02
  -4.5896210e-01  -4.6185842e-01   2.6704896e-01  -4.4019708e-03  -6.9216115e-04  -1.2096739e-02
  -4.6583631e-01  -4.4951829e-01   2.5582770e-01  -3.7711403e-03  -5.6076940e-04  -1.2058330e-02
  -4.5662143e-01  -4.5351720e-01   2.5457574e-01  -4.3624795e-03  -1.1216202e-03  -1.1967359e-02
  -4.3447482e-01  -4.0628994e-01   2.0533419e-01  -3.1831780e-03  -1.1656548e-03  -1.1721314e-02
  -4.4293276e-01  -4.3904680e-01   2.7771254e-01  -3.7634201e-03  -9.2402891e-04  -1.1928576e-02
  -4.2248862e-01  -4.6577830e-01   2.5021402e-01  -4.1117526e-03  -8.4072773e-04  -1.1678700e-02
  -4.0828484e-01  -4.0139336e-01   2.4926978e-01  -3.0630844e-03  -8.1185810e-04  -1.1489763e-02
  -3.7722435e-01  -3.7099617e-01   2.2413451e-01  -1.8551234e-03  -1.0722698e-03  -1.1208012e-02
  -3.8061304e-01  -4.0963668e-01   1.7741503e-01  -1.5897562e-03  -1.0601354e-03  -1.1125818e-02
  -3.9684555e-01  -4.3632486e-01   2.3244156e-01  -2.2928174e-03  -4.9368893e-04  -1.1870846e-02
  -4.0226083e-01  -4.3554606e-01   2.2635838e-01  -1.6489543e-03  -4.8827447e-04  -1.1673728e-02
  -3.9996381e-01  -4.2293134e-01   2.2190811e-01  -1.2920135e-03  -2.0517643e-04  -1.1712494e-02
  -3.9130167e-01  -4.1701294e-01   1.9313841e-01  -9.2426055e-04  -1.2938338e-04  -1.1819929e-02
  -4.1161483e-01  -3.9983033e-01   1.9277535e-01  -6.4464913e-04  -2.9011420e-04  -1.1956332e-02
  -4.0971871e-01  -3.9481668e-01   2.3415222e-01  -8.0864138e-04  -2.1219918e-04  -1.2057497e-02
  -3.9269990e-01  -4.1550244e-01   2.0806510e-01  -9.9090393e-04  -3.3565361e-04  -1.1850467e-02
  -4.0166038e-01  -4.0240577e-01   2.0523322e-01  -8.1795956e-04  -1.8981041e-04  -1.2175221e-02
  -3.8410429e-01  -4.0796360e-01   1.9721622e-01  -1.3703897e-03  -3.5477217e-04  -1.1912389e-02
  -3.7720802e-01  -3.9032063e-01   2.1478523e-01  -8.8590410e-04  -5.7497509e-04  -1.1829261e-02
  -3.5424271e-01  -3.9405443e-01   1.4575649e-01  -9.2697691e-04  -4.9232387e-04  -1.1558732e-02
  -3.5229176e-01  -3.9757126e-01   1.8103259e-01  -9.8519357e-04  -3.2151583e-04  -1.1559349e-02
  -3.2283073e-01  -3.6183786e-01   1.7894339e-01  -7.6376025e-04  -8.6531962e-04  -1.1224595e-02
  -3.5158644e-01  -4.3871594e-01   4.2133347e-01   2.3869155e-03  -3.1156037e-04  -1.0798094e-02
  -4.8231431e-01  -3.0512382e-01   7.2866868e-01   5.3096574e-03   2.5334253e-03  -1.2217705e-02
  -3.8208436e-01  -2.0306133e-01   5.6417246e-01   2.9776347e-03   3.8141778e-03  -1.1481242e-02
  -3.4062780e-01  -1.6105939e-01   3.5873061e-01   4.4359401e-03   2.5737713e-03  -1.1189183e-02
  -3.1055392e-01  -2.2043409e-01   3.5348721e-01   3.6232529e-03   2.5718884e-03  -1.0623280e-02
  -3.4189844e-01  -2.3878701e-01   3.8842833e-01   3.1133651e-03   1.4228296e-03  -1.0786685e-02
  -3.4177519e-01  -2.5702106e-01   3.6990418e-01   2.7889599e-03   1.4117426e-03  -1.0609459e-02
  -3.3523349e-01  -3.0870205e-01   3.8274556e-01   2.2658172e-03   1.3075265e-03  -1.0640700e-02
  -3.3477223e-01  -3.1168830e-01   3.4565589e-01   2.7314847e-03   1.4186746e-03  -1.0689967e-02
  -3.1699246e-01  -3.2713511e-01   3.3632604e-01   2.4790850e-03   1.5208666e-03  -1.0576866e-02
  -3.0240290e-01  -3.0965962e-01   3.2767015e-01   2.8179935e-03   1.5218095e-03  -1.0659320e-02
  -2.9142699e-01  -3.2500894e-01   2.9905100e-01   3.0197466e-03   1.6620644e-03  -1.0424109e-02
  -2.3672253e-01  -3.2122082e-01   2.9560407e-01   2.7865495e-03   1.7531384e-03  -1.0077514e-02
  -2.1267170e-01  -2.9970566e-01   2.5765046e-01   3.5038298e-03   1.6872844e-03  -9.6347244e-03
  -2.4190926e-01  -2.5982644e-01   2.6940900e-01   3.7557082e-03   1.4097362e-03  -9.9689513e-03
  -2.0295601e-01  -2.3750225e-01   2.1079711e-01   4.6803293e-03   1.2473399e-03  -9.2360666e-03
  -1.9006703e-01  -2.4450065e-01   2.6238887e-01   4.1053370e-03   1.6515810e-03  -9.3596004e-03
  -1.9875787e-01  -2.4380947e-01   2.4650541e-01   4.9154420e-03   1.8589315e-03  -9.2962889e-03
  -1.9674099e-01  -2.4672118e-01   2.4907926e-01   4.5852208e-03   2.1775151e-03  -9.3637706e-03
  -1.9393572e-01  -1.8386348e-01   2.2822036e-01   5.9229836e-03   1.8700406e-03  -9.3080288e-03
  -1.6228306e-01  -2.1650912e-01   1.9656594e-01   5.3862218e-03   1.9555898e-03  -8.9468255e-03
  -1.5714295e-01  -2.6968412e-01   2.5776334e-01   4.9272915e-03   1.8045684e-03  -9.0825569e-03
  -1.5875320e-01  -2.5752876e-01   2.2934204e-01   5.2797375e-03   1.5823662e-03  -8.9748717e-03
  -1.4374357e-01  -2.0932069e-01   1.8330567e-01   6.1748687e-03   1.5880050e-03  -8.6948431e-03
  -1.6212142e-01  -2.2009495e-01   1.6290568e-01   6.3877643e-03   1.2956096e-03  -8.8345229e-03
  -1.7668547e-01  -2.7224701e-01   2.2922986e-01   5.4196270e-03   1.7435556e-03  -9.0112018e-03
  -1.4702732e-01  -2.2361858e-01   1.9563401e-01   6.4098803e-03   1.9396921e-03  -8.8274087e-03
  -1.4573663e-01  -2.1471733e-01   2.0433955e-01   6.6137835e-03   1.9513287e-03  -8.7655795e-03
  -1.6702380e-01  -1.9957506e-01   2.3749166e-01   6.5995363e-03   1.5691615e-03  -8.9323816e-03
  -1.5757110e-01  -2.6245200e-01   2.1592580e-01   6.2014533e-03   1.5639114e-03  -8.7062718e-03
  -1.5059979e-01  -2.3747825e-01   2.5383975e-01   6.4601369e-03   1.7931396e-03  -8.5215330e-03
  -1.2963132e-01  -2.3177054e-01   1.3530409e-01   7.1811121e-03   1.4507247e-03  -7.9234061e-03
  -1.1199563e-01  -1.7007058e-01   1.5471853e-01   8.2241909e-03   2.0868733e-03  -8.0947105e-03
  -1.4345851e-01  -2.7871280e-01   1.5933840e-01   7.2187190e-03   1.9033316e-03  -8.6827521e-03
  -1.3774448e-01  -2.1972835e-01   1.3941771e-01   8.1556145e-03   2.2271725e-03  -8.5356347e-03
  -1.2340930e-01  -2.4266900e-01  -3.8750131e-01   1.0243840e-02   1.5275493e-03  -7.7720213e-03
  -1.1874747e-01  -2.2458548e-01  -3.5408247e-01   9.7548073e-03   1.5705575e-03  -8.1612683e-03
  -9.2589048e-02  -1.9378511e-01  -2.1862033e-01   1.0656587e-02   2.0590423e-03  -8.0737691e-03
  -7.7667900e-02  -1.9921428e-01  -1.6787562e-01   1.0206281e-02   2.2305076e-03  -7.7391611e-03
  -8.8864308e-02  -2.2695145e-01  -3.6473776e-02   9.4314661e-03   1.3940358e-03  -7.9516517e-03
  -1.0856243e-01  -2.3622335e-01  -2.9268366e-02   8.4430352e-03   1.3790152e-03  -8.1103436e-03
  -1.0553102e-01  -2.4693025e-01  -4.8838397e-02   8.9815193e-03   1.3338479e-03  -8.3074307e-03
  -1.4904356e-01  -2.3862851e-01  -4.3949836e-02   8.6484238e-03   1.3812781e-03  -8.5696344e-03
  -1.6005974e-01  -2.1611593e-01  -5.0219165e-02   9.3254067e-03   5.8992712e-04  -8.2463354e-03
  -1.3279478e-01  -1.6447166e-01  -4.8965905e-02   9.5636438e-03   1.0265172e-03  -7.5733417e-03
  -1.5473784e-01  -2.0355639e-01  -1.1414505e-02   8.9623899e-03   1.8436757e-03  -8.0830344e-03
  -1.8170722e-01  -2.5086695e-01  -1.1304260e-01   8.9363945e-03   1.7344842e-03  -8.4314138e-03
  -1.1261417e-01  -1.8857345e-01  -8.5862735e-02   9.3911613e-03   2.4428266e-03  -8.0514438e-03
   9.1600167e-03  -1.8203122e-01  -1.4317509e-02   9.1770846e-03   2.9306031e-03  -7.0077312e-03
  -4.1755579e-02  -2.0168829e-01  -1.4047034e-02   9.2348449e-03   2.7230590e-03  -7.6676328e-03
  -5.2960112e-02  -2.4695228e-01   4.2489329e-02   8.9713328e-03   2.9929327e-03  -7.9447483e-03
  -4.9136471e-02  -2.0609018e-01   8.9969451e-03   9.3439176e-03   3.3825868e-03  -7.8935807e-03
  -8.4378409e-03  -2.1474992e-01   3.0997916e-02   9.3284522e-03   3.4970641e-03  -7.6235137e-03
   3.5218968e-03  -2.0141720e-01   1.5818871e-02   9.1564668e-03   3.4550694e-03  -7.4454927e-03
  -8.9266762e-03  -2.3572702e-01   7.5493188e-02   8.7862073e-03   3.3017236e-03  -7.7928942e-03
   1.3040164e-02  -2.3082383e-01   7.7860940e-02   8.8252591e-03   3.5234476e-03  -7.4314430e-03
   1.4762740e-02  -1.7456396e-01   2.0391730e-02   9.8994185e-03   2.9805738e-03  -7.2413338e-03
   4.6450031e-02  -2.0497342e-01  -1.2747284e-02   9.9283809e-03   3.3432596e-03  -6.6851068e-03
   2.3306520e-02  -2.5914739e-01   1.0156514e-01   8.3578405e-03   3.3387201e-03  -7.2743948e-03
   2.2209105e-02  -2.3760060e-01   3.2498352e-02   9.1467485e-03   2.9951179e-03  -6.9376616e-03
   3.1787319e-02  -2.1569454e-01   8.9374971e-02   9.3605831e-03   3.2896319e-03  -7.2913440e-03
   4.2305595e-02  -1.5861485e-01  -6.5283150e-03   1.0049864e-02   2.5366680e-03  -6.3924184e-03
   7.8415211e-02  -1.9230077e-01   9.4194632e-02   1.0308486e-02   3.1791890e-03  -6.2506591e-03
  -5.2116397e-02  -3.7329079e-01   3.6499430e-01   5.4240134e-03   3.3185011e-03  -7.4414497e-03
  -1.2414993e-01  -4.2892346e-01   4.7762529e-02   2.6959651e-03   4.4736232e-03  -7.6686264e-03
   2.3119203e-02  -2.5190947e-01   2.5453638e-01   7.7494957e-03   6.1114343e-03  -7.0237506e-03
   3.9866325e-02  -2.3917731e-01   1.8783227e-01   7.3246068e-03   5.6630533e-03  -6.4695402e-03
   6.9978484e-02  -2.1499488e-01   2.0180338e-01   8.6463159e-03   5.6643386e-03  -6.1413590e-03
   6.8859411e-02  -2.5522335e-01   1.9292645e-01   6.8488516e-03   4.8935678e-03  -5.7567470e-03
   7.9791945e-02  -1.8366938e-01   2.3092899e-01   8.3283407e-03   3.9833518e-03  -5.5935722e-03
   7.9091712e-02  -2.2508913e-01   1.5108421e-01   7.9194918e-03   4.1002959e-03  -5.4336806e-03
   8.8929059e-02  -2.7162989e-01   2.5777911e-01   7.9353529e-03   4.7314640e-03  -5.7337495e-03
   8.7299847e-02  -2.3477675e-01   1.8847708e-01   7.7519802e-03   4.1955890e-03  -5.6638834e-03
   1.1956809e-01  -2.0401267e-01   1.9148502e-01   8.7879632e-03   4.1470912e-03  -5.2907459e-03
   9.8080450e-02  -2.5286704e-01   1.3889287e-01   7.9143938e-03   3.4640660e-03  -5.3928353e-03
   1.3124470e-01  -2.0150232e-01   3.5704252e-02   9.9171199e-03   4.2551948e-03  -4.9447070e-03
   1.5242460e-01  -2.5686618e-01   1.4027980e-01   8.3526891e-03   4.5813197e-03  -4.7051103e-03
   1.4632226e-01  -2.2725266e-01   1.8202558e-01   9.4228462e-03   4.7837619e-03  -5.1575923e-03
   1.0810701e-01  -2.6118433e-01   1.6461594e-01   8.1489828e-03   4.7060523e-03  -5.4773328e-03
   1.5872319e-01  -1.8412287e-01   1.5852848e-01   1.0862149e-02   4.6561149e-03  -5.0636989e-03
   8.7970877e-02  -2.9000482e-01   2.6289935e-01   7.9784985e-03   3.4374769e-03  -6.0042154e-03
   5.1825071e-02  -1.8315145e-01   1.6580252e-01   1.3250625e-02   4.4527932e-03  -7.2510422e-03
  -3.2229300e-02  -7.8103574e-01  -7.1220633e-01  -9.5870011e-04   7.8543020e-03  -6.4751113e-03
  -8.1830634e-02  -6.7669191e-01  -5.9532690e-01  -2.5215303e-03   7.5833223e-03  -8.0587032e-03
   3.5052109e-02  -4.7259089e-01  -2.3660998e-01   3.6519185e-03   6.6450621e-03  -7.4633825e-03
   2.0505904e-02  -5.7443553e-01  -2.3346607e-01   6.4973932e-04   6.2759276e-03  -7.3616845e-03
   6.4839571e-02  -5.1559034e-01  -1.3808653e-01   2.2175847e-03   6.7660439e-03  -6.9208459e-03
   4.9106751e-02  -5.9585794e-01  -1.5584989e-01   2.7932553e-05   6.9522783e-03  -7.0756761e-03
   3.3960186e-02  -5.4838647e-01  -1.4129821e-01   1.3261463e-03   6.3126144e-03  -7.3376052e-03
   2.6294579e-02  -5.5439452e-01  -1.7072870e-01   3.1221280e-04   5.9963988e-03  -7.4254652e-03
   4.7901756e-02  -5.0794318e-01  -2.0686689e-01   1.9614316e-03   5.6032383e-03  -7.0479030e-03
   4.5334252e-02  -5.7076832e-01  -1.9271354e-01   4.2185676e-04   6.1388460e-03  -7.0932336e-03
   3.5042937e-02  -5.6845368e-01  -1.2521495e-01   6.5107203e-04   5.4875498e-03  -7.0801058e-03
   2.3475784e-02  -5.3939342e-01  -1.9650714e-01   6.8978278e-04   5.5025989e-03  -6.6508271e-03
  -2.7089962e-03  -4.8286081e-01  -1.8674814e-01   2.2215875e-03   4.7214830e-03  -7.5993266e-03
  -3.0310472e-02  -4.5015665e-01  -2.0542927e-01   3.7764440e-03   3.2913806e-03  -8.1507450e-03
  -5.9875879e-03  -5.0672665e-01  -1.2394134e-01   2.7853716e-03   4.1982407e-03  -7.5531338e-03
  -1.2243349e-02  -5.1137564e-01  -1.7503550e-01   2.6333709e-03   4.1616688e-03  -7.6022441e-03
  -2.2380738e-02  -4.5449846e-01  -1.2913138e-01   3.1502907e-03   3.4902883e-03  -7.4530903e-03
  -1.3097731e-02  -4.6963165e-01  -2.0450491e-01   3.1965656e-03   3.5914917e-03  -7.6430402e-03
  -1.1571546e-02  -4.4145271e-01  -1.3316368e-01   3.7736612e-03   2.8586172e-03  -7.0042216e-03
  -1.8588370e-02  -4.3613225e-01  -1.5314863e-01   4.0347514e-03   2.0008244e-03  -7.1013685e-03
   1.1179371e-02  -4.3590586e-01  -2.1484712e-01   5.1059384e-03   2.6460964e-03  -6.6964039e-03
   8.9390019e-03  -4.9316844e-01  -1.1307760e-01   3.9390333e-03   2.8212327e-03  -6.6759761e-03
  -5.9018936e-03  -4.7604953e-01  -1.4167795e-01   4.0175510e-03   3.0771277e-03  -7.3434169e-03
  -1.3817272e-02  -4.8595492e-01  -1.5105875e-01   3.8196121e-03   3.2846066e-03  -7.4509072e-03
  -4.1796922e-03  -4.8617051e-01  -8.9680688e-02   3.4910107e-03   2.9319982e-03  -7.5026264e-03
   1.4264652e-03  -5.0144392e-01  -1.3869685e-01   3.6431131e-03   3.1573191e-03  -7.4347976e-03
   1.0012510e-02  -4.7271425e-01  -1.0051483e-01   3.7605138e-03   3.0594011e-03  -7.3947953e-03
   4.2745553e-03  -4.9773267e-01  -1.4955221e-01   4.0297666e-03   3.1444757e-03  -7.2497619e-03
   2.6458734e-02  -4.8308462e-01  -8.0881091e-02   3.5731308e-03   3.2870402e-03  -6.9616763e-03
   2.9043919e-02  -5.0452548e-01  -1.2642940e-01   3.8010250e-03   3.2033122e-03  -6.9056449e-03
   2.2169248e-02  -5.1734701e-01  -4.3842541e-02   2.5527627e-03   2.9583718e-03  -6.8677736e-03
   7.5465288e-03  -5.0735331e-01  -9.1412032e-02   2.9201572e-03   2.6336792e-03  -6.9932291e-03
   3.1357590e-02  -5.2692432e-01  -3.2930354e-02   2.2621009e-03   2.8435135e-03  -6.4377631e-03
   1.0781823e-01  -5.4934174e-01  -5.4597363e-02   2.3167530e-03   4.1486814e-03  -5.6825849e-03
   1.4581702e-01  -5.3126029e-01  -8.6072040e-02   3.2075600e-03   5.2901390e-03  -5.4296396e-03
   1.0494343e-01  -5.2786695e-01  -7.6814809e-02   3.2825913e-03   4.7037342e-03  -6.1022679e-03
   1.0459979e-01  -5.3281981e-01  -9.5809498e-02   3.4645509e-03   4.6385626e-03  -5.9700767e-03
   9.7955249e-02  -4.8140132e-01  -1.1799085e-01   4.3498840e-03   4.6350465e-03  -6.2005578e-03
   1.2462244e-01  -5.0107865e-01   4.1570641e-03   3.8485168e-03   4.5708876e-03  -5.8773783e-03
   1.0401246e-01  -5.1574536e-01  -1.3274435e-01   4.3728449e-03   4.3752184e-03  -6.1467372e-03
   8.0239910e-02  -6.0166603e-01   4.2613113e-01   1.0241021e-03   3.8558021e-03  -6.0343564e-03
   1.6400078e-02  -6.1622207e-01   6.6194919e-01  -4.6911439e-03   4.9934034e-03  -6.2473094e-03
   1.3514057e-01  -4.4649138e-01  -2.1690282e-01   6.5758404e-03   5.3700580e-03  -5.8895026e-03
   1.4874085e-01  -4.8538266e-01  -1.4270217e-01   5.5650256e-03   4.7053016e-03  -5.9350752e-03
   1.4742233e-01  -4.8721889e-01  -1.4362190e-01   5.4365348e-03   4.6032862e-03  -5.5291986e-03
   1.5639291e-01  -4.9474441e-01  -1.1644674e-01   5.5180968e-03   4.2290420e-03  -5.4782147e-03
   1.9044474e-01  -4.4872177e-01  -1.7254278e-01   6.5013625e-03   5.2946109e-03  -5.0949656e-03
   1.6655653e-01  -5.2651649e-01  -1.6468424e-01   5.7637757e-03   5.0994358e-03  -5.5103061e-03
   1.4034410e-01  -5.0087400e-01  -1.6776760e-01   5.7767629e-03   5.1970724e-03  -5.6207495e-03
   1.4124622e-01  -4.5475116e-01  -1.4464582e-01   6.0590187e-03   4.9351085e-03  -5.7057890e-03
   1.5244803e-01  -4.6739520e-01  -1.4670935e-01   6.2198670e-03   5.2487509e-03  -5.5489826e-03
   1.4838386e-01  -5.0687896e-01  -1.2585737e-01   4.9637504e-03   5.1175844e-03  -5.5976731e-03
   1.3700254e-01  -5.1403009e-01  -7.0053367e-02   4.5686441e-03   4.8180684e-03  -5.7654981e-03
   1.2422553e-01  -5.1728235e-01  -1.1890736e-01   4.0770139e-03   4.4837499e-03  -5.7134919e-03
   9.4321011e-02  -4.5956520e-01  -8.4070882e-02   4.6673378e-03   4.1773894e-03  -5.9872927e-03
   1.3872573e-01  -5.1738805e-01  -1.0035845e-01   4.8457538e-03   4.3436369e-03  -5.3816535e-03
   7.3787178e-02  -5.5931314e-01   1.4158624e-01   2.4698148e-03   4.6503044e-03  -5.9855580e-03
  -2.2604573e-03  -5.8523301e-01   3.1193416e-01  -8.9306196e-04   5.2290113e-03  -6.5449031e-03
  -3.2007025e-02  -8.6152644e-01   6.1880807e-01  -1.0571507e-02   5.0643832e-03  -6.0815211e-03
  -3.1720895e-02  -7.4357160e-01  -2.3504320e-01  -2.8896777e-03   5.8108473e-03  -6.4225656e-03
   9.3683694e-03  -5.6722270e-01  -8.4111331e-02   1.4424729e-03   5.1138881e-03  -7.1178692e-03
  -3.1577637e-02  -7.1895817e-01  -7.3178274e-01   1.8074385e-03   5.0468248e-03  -6.5592889e-03
  -1.2488671e-02  -5.8033716e-01  -5.7414910e-01   2.6722630e-03   5.2375683e-03  -6.0578411e-03
   1.3449256e-02  -5.5743543e-01   1.0891510e-01   1.5399191e-03   4.4917578e-03  -6.3677709e-03
   2.9125989e-02  -5.5826868e-01  -6.5758285e-02   1.8232253e-03   4.7753015e-03  -6.1879301e-03
   3.0255432e-02  -4.9806555e-01   8.9726911e-02   2.1546821e-03   4.9642230e-03  -5.9026009e-03
   5.4219005e-02  -5.2058593e-01  -2.7591505e-02   2.3887272e-03   5.2491799e-03  -5.8672672e-03
   6.0182681e-02  -5.2833711e-01   6.8123360e-02   1.6118837e-03   5.2510276e-03  -5.8198052e-03
   5.7697613e-02  -5.1215545e-01   1.8186530e-02   1.8388236e-03   4.8638197e-03  -6.0017672e-03
   6.2213697e-02  -4.9384488e-01   8.5174184e-02   2.2965227e-03   4.4586711e-03  -5.5740959e-03
   8.6102719e-02  -5.0730480e-01  -3.9280715e-02   2.7236945e-03   4.8194811e-03  -5.6268671e-03
   1.0037278e-01  -5.4210021e-01   7.2834408e-02   2.5374793e-03   5.3122291e-03  -5.1869996e-03
   1.9146763e-01  -5.5570452e-01  -1.0463611e-01   2.8601627e-03   6.1550551e-03  -4.5864757e-03
