  -1.4210855e-14   0.0000000e+00   0.0000000e+00   0.0000000e+00   0.0000000e+00   0.0000000e+00
   2.7627308e-02   8.9514380e-03  -4.8527086e-03   1.1058809e-04   1.9696025e-04  -9.2467550e-05
   1.3017090e-01  -1.9616059e-02   4.8406163e-02  -8.8621527e-04   1.5603008e-03   7.3526965e-04
   1.6326102e-01  -4.5059682e-02  -2.4534323e-03  -1.1007404e-03   1.9770576e-03   8.1686876e-04
   1.4251748e-01  -3.9838979e-02  -5.3994205e-02  -1.0444238e-03   1.6640688e-03   1.0942825e-04
   1.6751081e-01  -4.3553104e-02  -7.6040330e-02  -7.2658415e-04   1.9195295e-03   4.9987745e-05
   2.5804738e-01  -9.7946988e-02  -9.4385512e-02  -6.4467759e-04   2.9906229e-03   6.4551783e-04
   2.4443595e-01  -8.2147486e-02  -1.2402942e-01  -1.4362884e-04   2.3322406e-03   6.3140417e-04
   2.1217148e-01  -4.7759166e-02  -1.7722313e-01   5.9869216e-05   2.0397086e-03  -5.3684491e-04
   2.2630373e-01  -4.8998820e-02  -1.5096971e-01   2.9323687e-04   2.3467103e-03  -7.3601597e-06
   2.9104076e-01  -9.3864178e-02  -1.3673514e-01   3.4894590e-04   3.3494819e-03   9.2760151e-04
   2.9594976e-01  -8.4962321e-02  -1.5105746e-01   9.7027184e-04   2.3995958e-03   6.0798399e-04
   2.7321064e-01  -9.8533742e-02  -2.2202311e-01  -1.5525035e-04   2.4373921e-03  -4.7996360e-04
   2.6544779e-01  -7.8541617e-02  -2.2935450e-01  -4.2083569e-04   2.8945258e-03  -4.4219702e-04
   2.9681720e-01  -1.1380667e-01  -2.2732247e-01   5.5086965e-04   2.5729502e-03  -7.3445949e-04
   3.4993435e-01  -1.3323522e-01  -2.2050800e-01   1.1267284e-04   2.5521467e-03  -4.0906473e-04
   3.2653830e-01  -9.0801647e-02  -3.0292480e-01   7.3122469e-04   2.0897344e-03  -1.7084313e-03
   3.1866365e-01  -6.1368655e-02  -3.9768076e-01   5.1474339e-04   2.2508785e-03  -2.1528036e-03
   3.0770446e-01  -9.9068264e-02  -3.8733780e-01   4.4414210e-04   1.9850960e-03  -1.9470167e-03
   3.6832675e-01  -1.1534632e-01  -3.5359623e-01   1.6070658e-04   2.4011457e-03  -8.5749494e-04
   3.4315590e-01  -1.0671517e-01  -4.3491597e-01  -5.7210235e-04   2.1604615e-03  -1.0218337e-03
   3.5575818e-01  -8.5177853e-02  -4.1647265e-01  -1.6870682e-04   2.2778413e-03  -1.1634126e-03
   3.8449838e-01  -1.2838529e-01  -4.3351680e-01  -1.4516768e-04   2.5863436e-03  -9.7589290e-04
   4.0541359e-01  -1.1896915e-01  -3.9451202e-01  -2.1042077e-05   2.5832633e-03  -3.3844866e-04
   3.9709887e-01  -1.0083792e-01  -4.3072238e-01   8.3515229e-04   2.5696039e-03  -1.5553040e-03
   3.6502684e-01  -1.0014195e-01  -4.9716280e-01  -8.4698389e-04   2.3786796e-03  -2.3506429e-03
   3.6004389e-01  -1.1415290e-01  -4.5999956e-01  -4.5157708e-04   2.0296891e-03  -1.7826681e-03
   3.9716608e-01  -1.7917545e-01  -4.7279274e-01  -6.8748823e-04   2.3576566e-03  -1.7314280e-03
   4.0059898e-01  -1.4735043e-01  -4.6183290e-01  -6.1481341e-04   1.9297125e-03  -1.7416251e-03
   3.7712506e-01  -9.1152830e-02  -5.4601981e-01  -1.1901664e-04   2.1710181e-03  -1.9465145e-03
   3.6122731e-01  -1.1689236e-01  -5.4877097e-01  -9.1710693e-04   1.9919606e-03  -2.1293777e-03
   3.6173044e-01  -1.5988409e-01  -5.5136474e-01  -9.7569567e-04   2.0474112e-03  -1.9312815e-03
   4.0786956e-01  -1.5442842e-01  -5.0247519e-01  -1.2752254e-03   2.0793514e-03  -1.0796919e-03
   3.7727148e-01  -9.8953723e-02  -5.4493297e-01  -8.6030952e-04   2.2430186e-03  -1.2607721e-03
   3.6692881e-01  -1.0503571e-01  -5.4386902e-01  -8.4293684e-04   1.5313125e-03  -1.4556175e-03
   4.4738757e-01  -1.5693182e-01  -4.8575654e-01  -1.5478873e-03   1.9400604e-03  -8.3488648e-04
   4.4511683e-01  -1.5209336e-01  -4.8474380e-01  -1.0176225e-03   1.8818208e-03  -7.2876105e-04
   3.6582272e-01  -1.1822202e-01  -5.5703982e-01  -1.8494311e-03   1.6887225e-03  -1.6443424e-03
   3.0487951e-01  -1.3287619e-01  -4.7637998e-01  -2.2827270e-03   1.7758151e-03  -1.7922259e-03
   3.7333151e-01  -1.9103710e-01  -4.4972407e-01  -2.2723894e-03   2.2645320e-03  -1.3732227e-03
   4.5992942e-01  -2.1001715e-01  -4.4601619e-01  -2.2161852e-03   2.5417734e-03  -6.5011993e-04
   4.0007114e-01  -1.4960677e-01  -5.1558784e-01  -1.6883683e-03   2.2399284e-03  -1.6556078e-03
   3.3981523e-01  -1.3267880e-01  -5.4122508e-01  -1.9493778e-03   1.7951163e-03  -2.5943985e-03
   3.6208535e-01  -2.1323550e-01  -5.0256635e-01  -2.7318046e-03   1.4365927e-03  -2.4600212e-03
   4.4285645e-01  -2.4119770e-01  -4.6857305e-01  -2.4480311e-03   2.1202422e-03  -1.7388122e-03
   4.6836690e-01  -2.1428144e-01  -4.6504781e-01  -3.1520513e-03   1.9363291e-03  -1.6387713e-03
   4.1086734e-01  -1.8623447e-01  -5.3330270e-01  -3.5136231e-03   1.3736904e-03  -1.7976585e-03
   3.9212123e-01  -2.2710102e-01  -4.9580325e-01  -3.4419163e-03   1.7586545e-03  -1.8952339e-03
   4.8023512e-01  -2.6352735e-01  -4.6547124e-01  -3.1968588e-03   2.0918350e-03  -1.2231985e-03
   4.5953266e-01  -2.0377417e-01  -5.7429201e-01  -2.6569302e-03   1.7278465e-03  -8.9226831e-04
   4.6263677e-01  -2.2441206e-01  -6.0412847e-01  -3.6384911e-03   1.8314698e-03  -2.6297899e-04
   4.2724263e-01  -2.0266035e-01  -6.0756156e-01  -3.7849349e-03   2.6869258e-03  -1.4709704e-03
   5.1480902e-01  -2.6123387e-01  -5.6664154e-01  -3.5970924e-03   3.0161076e-03  -6.2136580e-04
   5.2736752e-01  -2.2012638e-01  -5.9705952e-01  -3.1797274e-03   2.6593985e-03  -1.0451206e-03
   4.7465166e-01  -1.9437690e-01  -6.0523916e-01  -3.4196103e-03   2.4385151e-03  -1.7310099e-03
   4.6818521e-01  -2.0277272e-01  -6.3297462e-01  -3.3771874e-03   2.4429111e-03  -1.6132144e-03
   4.8760099e-01  -2.2247930e-01  -6.5382908e-01  -3.2299465e-03   2.6100820e-03  -1.2410997e-03
   4.6089432e-01  -1.8720745e-01  -6.7279131e-01  -3.1744637e-03   2.2829085e-03  -1.1106578e-03
   4.3065974e-01  -1.9084874e-01  -6.0391736e-01  -4.0575471e-03   2.6652306e-03  -1.1355938e-03
   3.7345029e-01  -1.8915407e-01  -5.9099281e-01  -4.3186675e-03   2.3571042e-03  -8.1190688e-04
   4.1254901e-01  -2.5282502e-01  -6.2322216e-01  -4.5033835e-03   2.8748838e-03  -1.1545675e-03
   4.6466570e-01  -2.3942370e-01  -5.9423459e-01  -4.4636664e-03   2.8248239e-03  -9.0559747e-04
   3.7122082e-01  -1.6485487e-01  -6.8147294e-01  -3.8723446e-03   2.8317063e-03  -1.9682710e-03
   3.5931569e-01  -1.7389193e-01  -6.7094511e-01  -4.0642267e-03   3.2221580e-03  -2.3409934e-03
   4.3075659e-01  -2.3313904e-01  -6.6646785e-01  -4.2685256e-03   3.5039003e-03  -1.6560318e-03
   4.7707060e-01  -2.7002318e-01  -6.5665705e-01  -4.7413983e-03   3.6023982e-03  -1.3757747e-03
   4.0997061e-01  -2.1419932e-01  -6.8764661e-01  -4.4413424e-03   3.1757904e-03  -1.8264066e-03
   3.9296734e-01  -2.1557944e-01  -6.7522447e-01  -4.7224816e-03   2.9786713e-03  -1.5899851e-03
   4.2707074e-01  -2.9110172e-01  -6.5890597e-01  -4.9634341e-03   3.2054458e-03  -2.2470159e-03
   4.4090175e-01  -3.1659847e-01  -6.7478106e-01  -5.3072485e-03   3.1803258e-03  -2.7181910e-03
   4.0847396e-01  -3.2056007e-01  -6.8921495e-01  -4.6680178e-03   2.7975868e-03  -3.3385263e-03
   3.3914034e-01  -3.6432383e-01  -6.0118841e-01  -5.0168059e-03   3.2711780e-03  -2.2895642e-03
   3.5977302e-01  -2.7112002e-01  -5.6523825e-01  -5.7660465e-03   3.5286604e-03  -2.2829673e-03
   4.1221260e-01  -3.4407491e-01  -5.8410826e-01  -5.3193455e-03   3.6329566e-03  -2.5561596e-03
   4.0328271e-01  -2.7533210e-01  -6.5054500e-01  -5.5090344e-03   3.1155034e-03  -2.5294462e-03
   3.7800126e-01  -2.6324905e-01  -6.0492449e-01  -4.9919952e-03   2.7316876e-03  -2.5722550e-03
   3.6185640e-01  -2.3830466e-01  -5.8336211e-01  -4.9919499e-03   2.2940680e-03  -2.5875752e-03
   3.7890763e-01  -2.7350898e-01  -5.7122048e-01  -5.6433223e-03   2.1683160e-03  -3.0498240e-03
   4.0819916e-01  -2.0738292e-01  -5.8894458e-01  -5.7063521e-03   2.4097311e-03  -2.9644972e-03
   3.3869669e-01  -2.2845422e-01  -5.8357179e-01  -5.3913578e-03   1.7850518e-03  -3.1141574e-03
   3.0103648e-01  -2.1022470e-01  -5.8010692e-01  -6.0425155e-03   2.0213782e-03  -3.2033128e-03
   3.5677741e-01  -2.0230107e-01  -5.9254024e-01  -5.8287571e-03   2.3943408e-03  -3.2726195e-03
   3.6804386e-01  -1.7605129e-01  -6.0933752e-01  -6.4305474e-03   2.6267683e-03  -3.4450394e-03
   3.3279373e-01  -1.6135398e-01  -6.2966509e-01  -5.6480149e-03   2.3238327e-03  -3.0477526e-03
   2.8791232e-01  -1.6606069e-01  -4.5123257e-01  -6.0062513e-03   2.2193738e-03  -1.5221203e-03
   3.1963873e-01  -2.2950400e-01  -4.4801562e-01  -6.1632395e-03   2.4693350e-03  -2.3486429e-03
   3.4640814e-01  -1.7577032e-01  -5.2347338e-01  -5.7413543e-03   2.4748339e-03  -2.6967622e-03
   3.4018801e-01  -2.0566000e-01  -5.1578724e-01  -6.1093379e-03   2.4250884e-03  -2.5208956e-03
   3.2786460e-01  -1.9295782e-01  -5.1308894e-01  -6.0935538e-03   2.1402822e-03  -2.4137063e-03
   3.4432573e-01  -2.1921819e-01  -5.1849415e-01  -6.3180764e-03   2.2504355e-03  -2.5815858e-03
   3.6830397e-01  -1.9271519e-01  -5.8486601e-01  -6.1272804e-03   2.2212708e-03  -2.6879773e-03
   3.3619725e-01  -2.0330259e-01  -5.4956845e-01  -6.1667582e-03   2.1732687e-03  -2.3871393e-03
   3.0365301e-01  -2.1048962e-01  -4.9489950e-01  -6.3163454e-03   1.7869823e-03  -2.8233973e-03
   3.0053393e-01  -2.4042867e-01  -5.4245157e-01  -6.2604415e-03   1.9895821e-03  -3.0259306e-03
   3.5161078e-01  -2.4219350e-01  -5.7602024e-01  -6.2754039e-03   2.1871820e-03  -2.7162517e-03
   3.3446636e-01  -2.3952926e-01  -5.9617920e-01  -6.7156958e-03   1.8875599e-03  -2.7303338e-03
   3.2195864e-01  -2.2348659e-01  -5.7359658e-01  -6.6034835e-03   1.5122422e-03  -2.8819196e-03
   3.1709812e-01  -2.3273235e-01  -5.5612405e-01  -6.2605959e-03   1.3776652e-03  -3.2252055e-03
   3.4351184e-01  -2.7187472e-01  -5.7089036e-01  -6.5682680e-03   1.4307834e-03  -3.1050247e-03
   3.4610048e-01  -2.3203301e-01  -6.0355237e-01  -6.8794454e-03   1.5221024e-03  -2.6793451e-03
   3.1409283e-01  -2.3102062e-01  -6.0483334e-01  -6.6908275e-03   1.1940419e-03  -3.0692934e-03
   3.1468592e-01  -2.4480363e-01  -5.9184937e-01  -6.5870004e-03   1.0300626e-03  -3.0826659e-03
   3.5192983e-01  -2.5649217e-01  -5.7950220e-01  -6.5373977e-03   1.3729446e-03  -2.5487662e-03
   3.3995855e-01  -2.6283369e-01  -6.0312504e-01  -6.3977905e-03   1.2022179e-03  -3.0814739e-03
   2.8887658e-01  -2.5536679e-01  -6.0498789e-01  -6.0642236e-03   8.6093323e-04  -3.6456114e-03
   2.9347724e-01  -2.6684651e-01  -6.2334662e-01  -6.2531167e-03   1.1064325e-03  -3.5404415e-03
   3.1971308e-01  -3.0777938e-01  -6.2590251e-01  -6.4095076e-03   1.3066258e-03  -3.4255050e-03
   3.3275340e-01  -3.1716786e-01  -6.2671057e-01  -6.8661216e-03   1.5624675e-03  -3.3384739e-03
   3.1413670e-01  -2.9563308e-01  -6.3982197e-01  -6.4788869e-03   1.3335399e-03  -3.5009876e-03
   3.0849202e-01  -3.0283602e-01  -6.3155822e-01  -6.1371752e-03   1.0171396e-03  -3.5404656e-03
   3.3407826e-01  -3.1482143e-01  -6.6404028e-01  -6.3129432e-03   1.4810414e-03  -3.6741703e-03
   3.3308629e-01  -3.1034209e-01  -6.8436404e-01  -6.2395803e-03   1.1174060e-03  -3.9577247e-03
   2.9387846e-01  -2.9881041e-01  -6.9650282e-01  -6.6277509e-03   8.8149243e-04  -3.9590676e-03
   3.0565957e-01  -2.9338832e-01  -6.9723787e-01  -6.4162603e-03   7.6474715e-04  -4.1717679e-03
   3.3000903e-01  -3.1259878e-01  -6.9781286e-01  -6.5212071e-03   8.8380164e-04  -4.0806577e-03
   3.5328449e-01  -2.9440726e-01  -7.2270661e-01  -6.5806659e-03   1.0363270e-03  -4.1301489e-03
   3.0574373e-01  -3.0918330e-01  -6.8412410e-01  -6.8242395e-03   8.4091295e-04  -3.9465265e-03
   2.3256619e-01  -3.2018635e-01  -4.5816575e-01  -7.6759178e-03   2.0978240e-04  -3.1324972e-03
   2.4959116e-01  -3.0774349e-01  -4.6333121e-01  -7.3992821e-03   4.4342219e-04  -3.0011334e-03
   3.1269068e-01  -3.2486253e-01  -4.9993281e-01  -7.9354960e-03   8.2451832e-04  -3.0749792e-03
   2.8770312e-01  -3.1951782e-01  -5.1168255e-01  -8.1486926e-03   5.4032107e-04  -3.3035320e-03
   1.8522339e-01  -3.2447454e-01  -5.3427904e-01  -8.1849677e-03  -1.8643467e-05  -3.5892085e-03
   2.3466468e-01  -2.9989668e-01  -5.7655093e-01  -7.8295766e-03   4.4936056e-04  -3.5064855e-03
   3.0040650e-01  -3.5632299e-01  -5.5369129e-01  -8.0042240e-03   9.4260919e-04  -3.0582720e-03
   2.7893962e-01  -3.2080917e-01  -5.8742195e-01  -8.3445741e-03   6.9245611e-04  -3.2251447e-03
   2.6386814e-01  -3.1778839e-01  -5.9553124e-01  -7.8309240e-03   8.4770875e-04  -3.2008309e-03
   2.6004545e-01  -3.0944482e-01  -5.8282408e-01  -8.0830029e-03   8.5870811e-04  -3.3077582e-03
   2.8234664e-01  -3.5175824e-01  -5.6638413e-01  -8.0679588e-03   8.6347991e-04  -3.4010385e-03
   3.0924314e-01  -3.3252177e-01  -5.7506032e-01  -8.5472275e-03   1.2112759e-03  -2.7831402e-03
   2.7092814e-01  -3.1301286e-01  -5.2088462e-01  -7.4530711e-03   6.9197602e-04  -2.7249111e-03
   3.1381603e-01  -3.2670252e-01  -5.1900945e-01  -7.7524515e-03   8.0967363e-04  -2.2432946e-03
   3.2923967e-01  -3.6983889e-01  -5.1451453e-01  -7.7518760e-03   1.0636879e-03  -2.6200223e-03
   3.5752645e-01  -3.2169017e-01  -5.5190725e-01  -7.7914167e-03   1.6154818e-03  -2.6988513e-03
   3.0765745e-01  -3.1027739e-01  -4.7613433e-01  -7.2738170e-03   6.3379135e-04  -1.8272306e-03
   3.2088552e-01  -3.5723071e-01  -4.0899249e-01  -7.7484488e-03   9.3796634e-04  -1.0370436e-03
   3.3743544e-01  -3.5659986e-01  -4.3901831e-01  -7.8843334e-03   1.4507835e-03  -1.7237823e-03
   3.5095204e-01  -3.4828689e-01  -4.5204505e-01  -7.8936090e-03   1.8054296e-03  -1.9524299e-03
   3.5347093e-01  -3.2862117e-01  -4.2449523e-01  -7.7179489e-03   1.4050203e-03  -2.1254138e-03
   3.4301685e-01  -3.2344609e-01  -4.4118525e-01  -7.6674673e-03   1.3583495e-03  -2.1349194e-03
   3.6863634e-01  -3.5391104e-01  -4.3596439e-01  -7.1299198e-03   1.6200133e-03  -1.7971010e-03
   3.8418689e-01  -3.5581014e-01  -4.4440870e-01  -7.0805366e-03   1.9508748e-03  -1.6896053e-03
   3.7448100e-01  -3.4951174e-01  -4.8300506e-01  -7.3172307e-03   1.4352147e-03  -1.1668085e-03
   3.4123907e-01  -3.4426805e-01  -4.6947795e-01  -7.1023134e-03   1.2478876e-03  -1.5836632e-03
   3.3535933e-01  -3.4665356e-01  -4.5913216e-01  -6.9959381e-03   1.3520036e-03  -1.7655177e-03
   3.7136505e-01  -4.0633781e-01  -4.5926823e-01  -6.9742371e-03   1.5565691e-03  -1.8890658e-03
   3.3447545e-01  -3.7327170e-01  -4.5778288e-01  -7.1572871e-03   8.3355449e-04  -2.1403705e-03
   3.1252779e-01  -3.7432217e-01  -4.2209382e-01  -6.8276166e-03   7.3710414e-04  -1.5038913e-03
   3.2532179e-01  -3.5823639e-01  -4.4621206e-01  -6.9263739e-03   9.8615604e-04  -1.4061195e-03
   3.6939477e-01  -4.4946383e-01  -4.4637613e-01  -6.7887508e-03   1.2728338e-03  -2.4695076e-03
   3.4325181e-01  -3.7192558e-01  -4.9531111e-01  -6.9181100e-03   1.0070171e-03  -2.5490155e-03
   3.1133751e-01  -3.4274972e-01  -4.8668547e-01  -6.7943105e-03   7.1037984e-04  -2.7871236e-03
   3.1466232e-01  -3.2825046e-01  -4.5943795e-01  -6.4603943e-03   6.8751752e-04  -2.5919878e-03
   3.4452715e-01  -4.0607738e-01  -4.4690375e-01  -6.8263127e-03   9.9461461e-04  -2.5848699e-03
   3.5752642e-01  -4.2527509e-01  -4.7047730e-01  -7.7934373e-03   1.1254705e-03  -2.2462371e-03
   3.3881722e-01  -4.0578220e-01  -4.6094611e-01  -7.6165103e-03   5.8945198e-04  -2.2553887e-03
   3.3868191e-01  -3.8127011e-01  -4.8654278e-01  -7.4642757e-03   6.8560068e-04  -2.2880911e-03
   3.5548429e-01  -4.1017072e-01  -4.7435166e-01  -6.8494692e-03   8.1191497e-04  -2.4912948e-03
   3.6604246e-01  -4.1281845e-01  -5.0213957e-01  -6.9604664e-03   1.1561371e-03  -2.4624138e-03
   3.4244281e-01  -3.5475580e-01  -5.2892801e-01  -7.4221988e-03   1.0011410e-03  -2.2519141e-03
   3.4358402e-01  -3.7737409e-01  -4.9549941e-01  -7.3405725e-03   1.0915384e-03  -2.1935939e-03
   3.4414981e-01  -3.8264986e-01  -4.9181059e-01  -7.2339436e-03   1.1368991e-03  -2.3095897e-03
   3.8342636e-01  -4.1573714e-01  -4.7974572e-01  -7.7062656e-03   1.2861324e-03  -2.1020057e-03
   3.5889289e-01  -4.0322945e-01  -4.9589073e-01  -7.8745188e-03   7.2598969e-04  -2.5245609e-03
   3.5628201e-01  -4.1416327e-01  -4.7405031e-01  -6.6151522e-03   7.6227120e-04  -2.1278203e-03
   3.8204568e-01  -4.2218265e-01  -4.8515116e-01  -5.9562086e-03   5.0215343e-04  -1.7857915e-03
   4.2481399e-01  -4.4462574e-01  -4.4101411e-01  -6.6276437e-03   8.5668949e-04  -1.8360358e-03
   3.7097087e-01  -4.2944374e-01  -4.6163480e-01  -6.6872864e-03   3.6781016e-04  -2.0412570e-03
   3.6035852e-01  -4.4566767e-01  -4.4152541e-01  -7.1192047e-03   2.7301471e-04  -2.2406239e-03
   3.6422756e-01  -4.5144304e-01  -4.7147730e-01  -7.1832162e-03   1.8022068e-04  -2.4606565e-03
   3.8357419e-01  -4.7243889e-01  -4.5772252e-01  -7.4793965e-03   2.9119428e-04  -2.4805194e-03
   3.6600614e-01  -4.2991613e-01  -4.9303582e-01  -7.3268522e-03   1.8582600e-04  -2.6282843e-03
   3.1384201e-01  -4.0886092e-01  -4.9506212e-01  -7.2619905e-03  -1.4307057e-04  -3.0477622e-03
   3.2589260e-01  -4.2262413e-01  -5.0908184e-01  -7.2297255e-03  -1.4136856e-04  -2.9454575e-03
   3.5656565e-01  -4.6036361e-01  -4.8684644e-01  -7.1720349e-03   3.0087066e-04  -2.7433253e-03
   3.5142042e-01  -4.3240134e-01  -5.2332729e-01  -7.5043444e-03   3.1087123e-04  -2.9372738e-03
   2.7997318e-01  -4.5917049e-01  -4.3099499e-01  -7.4409239e-03  -5.4331298e-04  -2.0642168e-03
   2.5904663e-01  -4.5107816e-01  -3.4531639e-01  -8.2100918e-03  -2.7771771e-04  -1.9084683e-03
   3.6913607e-01  -4.8569836e-01  -3.8430693e-01  -8.3631028e-03   4.0338425e-04  -2.4825334e-03
   3.5667950e-01  -4.4239456e-01  -4.0768410e-01  -8.6856817e-03   7.3901475e-04  -2.8881631e-03
   3.2692146e-01  -4.0313395e-01  -4.3808497e-01  -8.6276973e-03  -4.6812308e-04  -3.1106619e-03
   3.1662006e-01  -3.9993684e-01  -4.1257849e-01  -8.7197961e-03  -6.8153816e-04  -3.0915666e-03
   3.3302951e-01  -4.1956773e-01  -4.3706396e-01  -8.8331671e-03  -1.3849623e-05  -3.3963602e-03
   3.4731850e-01  -4.1097452e-01  -4.6199892e-01  -8.8120103e-03   3.4130969e-04  -3.5225652e-03
   2.8642940e-01  -3.6569603e-01  -4.6183495e-01  -7.7372261e-03  -4.5715774e-04  -3.3547172e-03
   2.9341995e-01  -3.8497303e-01  -4.3235139e-01  -8.1155874e-03  -3.9279580e-04  -3.4833020e-03
   3.2381953e-01  -4.0105430e-01  -4.2070832e-01  -8.0258737e-03  -2.4627206e-04  -3.2883829e-03
   3.5413689e-01  -4.2373659e-01  -4.5168944e-01  -8.8395348e-03   1.8287362e-04  -3.9612698e-03
   2.7487671e-01  -4.4135316e-01  -3.2130480e-01  -8.8925841e-03   1.8003449e-06  -3.5888302e-03
   2.6070455e-01  -4.5354801e-01  -2.4620678e-01  -7.5673220e-03  -5.9728197e-05  -3.5159893e-03
   2.9280181e-01  -4.6853528e-01  -2.7175599e-01  -8.0756759e-03   1.8402584e-04  -3.8850520e-03
   3.2029322e-01  -4.9901626e-01  -2.5296749e-01  -8.4907549e-03   1.0078472e-04  -3.6611561e-03
   2.9028503e-01  -4.4034934e-01  -3.2013439e-01  -7.4669424e-03  -3.9571867e-04  -4.0630673e-03
   2.7273099e-01  -4.1640480e-01  -2.9173544e-01  -6.6585522e-03  -5.1674605e-04  -4.1885517e-03
   2.9943190e-01  -4.2251953e-01  -2.8591486e-01  -7.1115170e-03  -1.1480580e-04  -4.0839013e-03
   3.2441622e-01  -4.3240296e-01  -3.1019127e-01  -7.3117270e-03  -4.6473194e-05  -3.3577480e-03
   3.3123347e-01  -4.4322004e-01  -3.2185906e-01  -7.7326399e-03  -1.2400269e-04  -3.2111968e-03
   3.2133744e-01  -4.3309264e-01  -3.1870214e-01  -7.5073131e-03  -5.4576990e-06  -3.2224641e-03
   3.2422986e-01  -4.1873595e-01  -3.3127594e-01  -7.4252334e-03   2.1830463e-04  -3.0571848e-03
   3.2405011e-01  -4.1160636e-01  -3.2556565e-01  -7.3581235e-03   3.9356090e-05  -3.3319746e-03
   3.1233337e-01  -4.4354937e-01  -3.5516604e-01  -6.9536692e-03  -1.5183584e-04  -3.8244328e-03
   2.7547475e-01  -4.0565869e-01  -3.0958236e-01  -6.9258297e-03  -1.0091533e-03  -3.1736361e-03
   2.9105730e-01  -4.1540439e-01  -2.6431675e-01  -7.0728728e-03  -9.1326927e-04  -3.2612095e-03
   3.2212711e-01  -4.1511202e-01  -2.7360971e-01  -7.4523665e-03  -7.0931772e-04  -3.2712830e-03
   3.3220638e-01  -4.5242110e-01  -2.6280700e-01  -8.1195053e-03  -7.2916088e-04  -3.0687901e-03
   2.9311795e-01  -4.6961875e-01  -2.4312338e-01  -7.4284656e-03  -9.0920852e-04  -3.0496152e-03
   3.1698798e-01  -4.3862140e-01  -2.5823196e-01  -7.5301323e-03  -9.1823932e-04  -3.1000074e-03
   3.2253129e-01  -4.4292658e-01  -2.8817362e-01  -7.0910192e-03  -5.6988865e-04  -3.2260700e-03
   3.1439319e-01  -4.3937413e-01  -3.2926307e-01  -7.4182793e-03  -2.4768684e-04  -3.3683118e-03
   2.9224432e-01  -4.6552469e-01  -2.8346642e-01  -6.7228918e-03  -5.3258466e-04  -3.3016377e-03
   2.5828828e-01  -4.5733390e-01  -3.0967624e-01  -6.5433760e-03  -1.3688149e-03  -3.1509863e-03
   2.6904346e-01  -4.5848372e-01  -3.0514726e-01  -7.0022143e-03  -9.5500412e-04  -3.0788294e-03
   2.9174170e-01  -4.8462952e-01  -3.1316696e-01  -7.7587102e-03  -7.5268231e-04  -3.3727886e-03
   2.8524812e-01  -4.8735379e-01  -2.8695098e-01  -7.5122754e-03  -7.4784035e-04  -3.0925872e-03
   2.9047363e-01  -5.0620042e-01  -2.8085330e-01  -7.5393330e-03  -1.1242039e-03  -3.2740955e-03
   2.8900922e-01  -4.9499500e-01  -2.8248937e-01  -7.2981080e-03  -9.1607750e-04  -3.1806918e-03
   3.0350541e-01  -4.8575633e-01  -3.3163320e-01  -7.2650643e-03  -8.8423397e-04  -3.3833866e-03
   2.6340971e-01  -4.8426220e-01  -2.7449866e-01  -7.1764972e-03  -6.8254446e-04  -2.9244966e-03
   2.5277327e-01  -4.8839804e-01  -1.8969397e-01  -7.0293705e-03  -1.2106003e-03  -2.4062374e-03
   3.0170867e-01  -5.1984715e-01  -1.9949986e-01  -7.3753214e-03  -1.3069826e-03  -1.8235464e-03
   3.2496991e-01  -5.2558093e-01  -2.1754353e-01  -6.9587521e-03  -3.8732506e-04  -2.3773329e-03
   3.4701601e-01  -5.0777763e-01  -2.5525732e-01  -7.2925280e-03  -4.2968858e-04  -2.5045292e-03
   2.9412230e-01  -4.9193049e-01  -2.4866449e-01  -6.6187531e-03  -7.3078689e-04  -2.6168816e-03
   2.8676708e-01  -4.9510414e-01  -2.2772964e-01  -6.5986353e-03  -8.0263873e-04  -2.7200359e-03
   3.1674670e-01  -5.3743713e-01  -2.1177349e-01  -6.9069089e-03  -5.8307240e-04  -2.5473045e-03
   3.1584396e-01  -5.2464081e-01  -2.4077992e-01  -6.6321394e-03  -6.9308946e-04  -3.1198327e-03
   2.9796852e-01  -5.1903674e-01  -2.4598967e-01  -6.3716326e-03  -9.9605535e-04  -3.1409212e-03
   3.0174601e-01  -5.2080323e-01  -2.5293377e-01  -6.5935895e-03  -1.0137145e-03  -3.3075752e-03
   3.1183142e-01  -5.3739551e-01  -2.5331390e-01  -6.3548721e-03  -1.0863003e-03  -3.4894252e-03
   3.1526241e-01  -5.6805277e-01  -2.6257807e-01  -7.1431323e-03  -9.4800140e-04  -3.5736338e-03
   3.0691039e-01  -5.8494362e-01  -2.5544973e-01  -7.1238537e-03  -1.2797546e-03  -3.4201556e-03
   2.9812794e-01  -5.2930427e-01  -2.5381303e-01  -6.1944319e-03  -9.3825418e-04  -3.5262172e-03
   3.0379724e-01  -5.5732478e-01  -2.2201253e-01  -6.2353129e-03  -9.7293837e-04  -3.5686256e-03
   3.2575489e-01  -5.6373607e-01  -2.8766272e-01  -6.3518340e-03  -8.8410977e-04  -3.8380923e-03
   3.0632164e-01  -5.6270973e-01  -2.9032622e-01  -6.4703213e-03  -7.5484262e-04  -3.4422523e-03
   2.9871073e-01  -5.5631768e-01  -2.5056116e-01  -5.9378161e-03  -4.0112978e-04  -3.2024648e-03
   3.1044875e-01  -5.6375642e-01  -2.7817721e-01  -5.9947311e-03  -1.0634811e-04  -3.2063767e-03
   3.3207582e-01  -5.6846396e-01  -3.1075967e-01  -6.0128940e-03   9.7058825e-05  -3.3379522e-03
   3.1247153e-01  -5.4988406e-01  -2.9460629e-01  -6.0915184e-03  -4.4198105e-05  -3.3418390e-03
   3.1384339e-01  -5.3815692e-01  -2.7629514e-01  -5.7603898e-03  -5.9613674e-05  -3.0042138e-03
   3.2181779e-01  -5.0162809e-01  -3.0150590e-01  -4.7831643e-03  -8.2569673e-05  -3.2238496e-03
   3.2565171e-01  -4.9718861e-01  -3.1169609e-01  -5.3569084e-03  -5.0307255e-05  -3.0480890e-03
   3.5504880e-01  -4.7767654e-01  -2.9304131e-01  -5.4161530e-03   9.1644553e-05  -2.9370121e-03
   3.4098529e-01  -4.8868630e-01  -3.0757590e-01  -5.4162100e-03  -9.8947778e-05  -2.2318347e-03
   3.2779200e-01  -4.7768305e-01  -3.4968265e-01  -5.1354534e-03   1.3120340e-04  -3.1684279e-03
   3.6640601e-01  -5.1062120e-01  -3.3155878e-01  -4.8039110e-03   3.5316391e-04  -3.0092615e-03
   3.6739890e-01  -4.7345125e-01  -3.5515054e-01  -4.8571237e-03   2.8512703e-04  -2.9912817e-03
   3.6292318e-01  -4.9986766e-01  -3.3449221e-01  -5.5419176e-03  -3.1820454e-04  -3.0902570e-03
   3.4045059e-01  -5.0681479e-01  -3.1626308e-01  -5.2235228e-03  -5.2972739e-04  -3.0991780e-03
   3.6723644e-01  -5.0844283e-01  -3.6462915e-01  -5.0414783e-03   3.7417160e-04  -2.9100567e-03
   3.6393286e-01  -5.0944203e-01  -3.7959510e-01  -4.5772141e-03   1.8797735e-04  -2.9230356e-03
   3.6118615e-01  -5.2349729e-01  -4.0067412e-01  -4.7814549e-03  -2.2248432e-04  -3.2249984e-03
   3.7594335e-01  -5.1087094e-01  -4.0578167e-01  -4.6095137e-03  -3.6686736e-04  -3.6532403e-03
   4.0504279e-01  -5.3826688e-01  -3.9937726e-01  -5.1553441e-03   6.4674380e-05  -3.1563179e-03
   3.6562539e-01  -4.9823746e-01  -3.9354101e-01  -5.1450796e-03  -1.1288997e-04  -3.2795370e-03
   3.5837037e-01  -4.8559856e-01  -4.3647476e-01  -5.0802606e-03  -2.7548766e-04  -3.7058090e-03
   3.9054711e-01  -4.9939333e-01  -4.2959713e-01  -4.9483028e-03  -3.2947844e-04  -3.2355581e-03
   3.9909466e-01  -5.1767559e-01  -4.3028618e-01  -5.3111015e-03  -2.7659047e-05  -3.1479157e-03
   4.2426423e-01  -5.2750023e-01  -4.3995101e-01  -5.1718996e-03   1.1347066e-04  -2.6588393e-03
   4.2750075e-01  -5.3384016e-01  -4.3723366e-01  -5.0036371e-03  -2.1041125e-04  -2.4237094e-03
   4.4157825e-01  -5.2917379e-01  -4.2209054e-01  -4.7396624e-03  -3.9784997e-04  -2.3996355e-03
   4.5878215e-01  -5.3806430e-01  -4.1457838e-01  -4.0526848e-03  -1.9098124e-04  -2.7557938e-03
   4.7566554e-01  -5.4750639e-01  -4.0503770e-01  -4.5060639e-03   7.0684187e-04  -2.4886897e-03
   4.6816406e-01  -5.4313758e-01  -4.4954825e-01  -5.5437181e-03   3.7539219e-04  -2.3631867e-03
   4.3700733e-01  -5.7557799e-01  -4.3435862e-01  -5.6293005e-03  -1.7627810e-04  -2.4181814e-03
   4.4893659e-01  -5.6955736e-01  -4.2404652e-01  -5.1708918e-03  -3.1090503e-04  -3.0629119e-03
   4.6965878e-01  -5.8043373e-01  -4.0351498e-01  -5.7538518e-03  -3.2919230e-05  -2.7326750e-03
   4.6766193e-01  -6.1280452e-01  -4.2223927e-01  -5.6016021e-03  -2.4535272e-04  -2.9002661e-03
   4.1209545e-01  -5.9680362e-01  -4.5611205e-01  -5.6587296e-03  -1.3228976e-03  -3.0189356e-03
   3.6034083e-01  -5.9298062e-01  -4.3880041e-01  -6.0709509e-03  -1.4961468e-03  -3.5816697e-03
   3.7048082e-01  -5.7764793e-01  -3.5452497e-01  -5.7340969e-03  -1.4894134e-03  -3.3318623e-03
   4.1537740e-01  -5.9943762e-01  -3.5030220e-01  -5.6147534e-03  -8.7273166e-04  -3.0921256e-03
   4.0222197e-01  -5.8612704e-01  -4.0507930e-01  -5.0368327e-03  -1.3115027e-03  -2.9549124e-03
   3.5987362e-01  -5.9796532e-01  -4.0646402e-01  -4.4549050e-03  -1.4539470e-03  -3.1466695e-03
   4.0364653e-01  -6.4270029e-01  -3.7218058e-01  -4.4405087e-03  -1.1103363e-03  -2.9909336e-03
   4.3212743e-01  -6.4219456e-01  -3.4610333e-01  -4.2428766e-03  -1.1386648e-03  -3.1025245e-03
   3.8587103e-01  -6.1567668e-01  -3.7474851e-01  -3.8633050e-03  -1.0643468e-03  -3.0075277e-03
   3.8539786e-01  -6.2802540e-01  -3.4460588e-01  -3.5954115e-03  -5.6235059e-04  -2.9968255e-03
   3.5199786e-01  -6.6312089e-01  -3.4874553e-01  -3.6789716e-03  -1.5677881e-03  -2.0663518e-03
   3.1988919e-01  -6.0757921e-01  -3.3437298e-01  -2.6169731e-03  -2.0487508e-03  -1.8577933e-03
   3.2069951e-01  -5.8214581e-01  -2.7438825e-01  -2.4357560e-03  -2.0942690e-03  -1.6802357e-03
   3.4279381e-01  -5.6333386e-01  -2.7404056e-01  -2.2277405e-03  -1.9303888e-03  -2.1365037e-03
   2.7201007e-01  -5.7500611e-01  -2.3246007e-01  -2.2672110e-03  -2.7011437e-03  -1.7472910e-03
   5.8008201e-01  -5.2588108e-01   9.7933959e-02  -1.4383628e-03  -4.8734155e-04  -1.5118785e-03
   3.8210604e-01  -5.3777472e-01  -2.5516131e-01  -2.0381364e-03   9.0223209e-04  -3.1368767e-03
   1.7733271e-01  -5.1848082e-01  -1.7762361e-01  -1.8684008e-03  -7.6032035e-04  -2.0663237e-03
   2.2150911e-01  -6.2178593e-01  -1.2514339e-01  -4.4873517e-03  -7.9831936e-04  -2.0384515e-03
   2.0244747e-01  -5.2514759e-01  -1.7424891e-01  -2.1942183e-03  -7.1741134e-04  -2.0532731e-03
   2.1665195e-01  -4.7823178e-01  -1.6879560e-01  -1.2129991e-03  -6.5991421e-04  -2.3814958e-03
   1.9841769e-01  -4.6460918e-01  -1.4059670e-01  -1.4929760e-03  -1.0072923e-03  -2.2452743e-03
