  -1.4210855e-14   0.0000000e+00   0.0000000e+00   0.0000000e+00   0.0000000e+00   0.0000000e+00
  -5.3385034e-03   2.3795781e-01  -8.9325880e-02   9.8353193e-03  -1.0802341e-03   4.0297616e-04
   3.8647171e-02   1.6252921e-01  -9.5491878e-03   5.7769385e-03  -6.8038850e-05   9.5335816e-04
   5.2568793e-02   7.7938133e-02   1.8517737e-02   1.8973766e-03   7.9301621e-04   2.9056414e-04
   2.1087887e-02   7.5499358e-02   2.3499312e-02   2.4916524e-06   2.4633007e-04   6.5919090e-04
  -2.3478102e-02   7.6561771e-02  -3.3590758e-01   1.1131069e-03   7.7481920e-04   5.2610380e-04
   3.5525337e-03  -2.8410511e-02  -2.0371083e-02  -2.4111671e-03   4.1471770e-04   3.2629505e-04
   3.1024820e-02  -1.3369232e-02   5.3830140e-02  -2.0814361e-03   1.8753984e-03   1.5277407e-03
   4.6386914e-02  -1.1292506e-02   8.3537151e-02  -2.5884748e-03   8.9781354e-04   1.8135715e-03
   4.1986326e-02  -1.5348621e-02   5.6024617e-02  -2.5227559e-03   9.7075902e-04   2.3595121e-03
   7.9212795e-02  -1.0311515e-01   1.2274131e-01  -5.2788646e-03   7.4871762e-04   3.3814545e-03
   9.8875711e-02  -1.3152912e-01   5.7340017e-02  -6.3161874e-03   1.7765644e-03   3.6788797e-03
   9.0175442e-02  -9.5923083e-02   6.5096796e-02  -4.3459611e-03   1.2374420e-03   2.6901339e-03
   9.2674849e-02  -1.2035585e-01   9.2607358e-02  -5.8406933e-03   9.3491063e-04   3.0642188e-03
   8.8149261e-02  -4.6164084e-02   1.0659711e-01  -2.5842884e-03   2.0488074e-03   2.3917739e-03
   7.3588690e-02  -9.6581758e-02   1.3916896e-01  -4.6871777e-03   3.9056543e-04   3.0439437e-03
   9.6373848e-02  -7.4877397e-02   1.3823953e-01  -3.4865924e-03   3.9005699e-04   4.5590828e-03
   9.5601234e-02  -7.8810748e-02   1.6009664e-01  -4.8481861e-03   3.5514259e-04   4.3263989e-03
   7.5980311e-02  -7.7206245e-02   1.7773630e-01  -4.4054975e-03  -1.9289048e-04   3.8656299e-03
   4.3966478e-02  -1.6924321e-01   1.5988796e-01  -7.5396293e-03  -8.1603994e-04   2.1562884e-03
   8.9468229e-02  -9.7009829e-02   2.5549450e-01  -4.4889884e-03  -2.3264321e-04   4.3151250e-03
   9.6967191e-02  -1.2521919e-01   2.3220399e-01  -6.6654536e-03   5.0830859e-04   4.6452923e-03
   1.1372952e-01  -1.2611029e-01   2.9814935e-01  -5.8015601e-03   5.1740823e-04   4.6500752e-03
   1.0351842e-01  -1.7344797e-01   1.7573371e-01  -7.9486324e-03   1.1939573e-03   4.8148540e-03
   8.7647535e-02  -5.6772658e-02   2.9694778e-01  -2.2786458e-03   2.5229773e-03   4.8722815e-03
   1.0675988e-01   8.5146977e-02   1.3026175e-01   1.4338412e-03  -8.8818518e-04   4.4596482e-03
   8.0503392e-02   2.8358248e-02  -3.9047612e-02  -1.7394559e-03  -1.2786182e-04   3.9572226e-03
   7.5525444e-02   1.3565035e-02   1.7143299e-01  -1.3669535e-03   7.2049278e-06   3.6069782e-03
   6.2281920e-02  -1.2534110e-02   4.1671884e-02  -1.7334854e-03  -1.1381501e-03   4.4248924e-03
   8.3500243e-02  -2.6078416e-02   1.8782356e-01  -1.6313028e-03  -4.0428142e-04   5.5625387e-03
   5.7413642e-02  -6.8926685e-02   5.7851043e-02  -4.3333788e-03  -5.8486321e-04   4.6834538e-03
   8.0966944e-02  -1.0130622e-01   2.0938189e-01  -7.4476629e-03   9.2461237e-05   4.9081039e-03
   8.2496471e-02  -9.5586821e-02   1.3149284e-01  -6.6980477e-03   2.9815257e-05   5.5546416e-03
   1.1501332e-01  -1.0716995e-01   2.1181093e-01  -6.7298181e-03   1.4549610e-03   5.6241432e-03
   9.1598657e-02  -1.1228123e-01   1.6243233e-01  -7.5272616e-03   4.8802717e-04   5.6466743e-03
   1.2810000e-01  -1.1805461e-01   2.9613565e-01  -7.3940922e-03   2.5862110e-03   5.3913193e-03
   4.2208238e-02  -1.0845508e-01   5.8010431e-02  -6.4000104e-03   1.6539602e-03   5.1276057e-03
   9.8586326e-02  -8.9692094e-02   5.9250137e-02  -6.7702702e-03   1.8644133e-03   5.5724011e-03
   1.6090754e-01  -1.5178255e-01   4.7831939e-01  -9.5260131e-03   1.9027616e-03   5.7043038e-03
   1.5853196e-01  -1.5810546e-01   4.9729700e-01  -9.2311428e-03   1.9735598e-03   6.4246247e-03
   1.9480425e-01  -1.5522794e-01   4.9757008e-01  -9.2335053e-03   2.8131968e-03   5.9883922e-03
   1.7160927e-01  -1.1842982e-01   5.2055606e-01  -8.1107761e-03   2.3845666e-03   6.7245391e-03
   1.8063434e-01  -1.4720904e-01   5.4307742e-01  -9.5564560e-03   2.6303932e-03   6.7829879e-03
   1.7978443e-01  -1.3226785e-01   5.9025231e-01  -9.1714236e-03   3.0323423e-03   6.5883485e-03
   1.6154338e-01  -1.4107421e-01   5.8415397e-01  -9.2258306e-03   1.7387242e-03   6.6284045e-03
   1.9966942e-01  -1.2079845e-01   5.9438246e-01  -8.2804985e-03   2.5659600e-03   7.9344991e-03
   2.1106011e-01  -1.3184204e-01   6.0802939e-01  -9.1377152e-03   2.8952737e-03   7.7039475e-03
   2.0340680e-01  -1.2665530e-01   6.2061372e-01  -8.9491320e-03   2.8529316e-03   7.5690318e-03
   1.8959282e-01  -1.7306370e-01   6.2894769e-01  -1.0036708e-02   2.5183118e-03   7.2920532e-03
   2.0280438e-01  -1.3097851e-01   6.1129225e-01  -8.6110864e-03   2.7298562e-03   8.2740852e-03
   2.0318174e-01  -1.1702635e-01   6.1613307e-01  -8.1708764e-03   2.6632480e-03   7.1861086e-03
   2.7170656e-01  -1.3470854e-01   6.3703476e-01  -8.8595851e-03   2.3568669e-03   8.6506988e-03
   2.0231424e-01  -1.6050572e-01   6.6519109e-01  -9.6240877e-03   3.1640665e-03   7.1167234e-03
   2.1623268e-01  -1.2164489e-01   5.6655580e-01  -7.8169573e-03   3.3875807e-03   7.2817516e-03
   2.4298094e-01  -1.7059703e-01   7.0312850e-01  -9.7352754e-03   3.4341298e-03   7.8948202e-03
   2.2959126e-01  -3.5932465e-01   4.1570284e-01  -1.0641142e-02   3.3073897e-03   8.7014546e-03
   2.2527406e-01  -3.4213299e-01   3.8704586e-01  -1.0810690e-02   2.4414366e-03   8.7446485e-03
   2.1567945e-01  -3.4582740e-01   3.4332743e-01  -1.0302914e-02   1.4476162e-03   8.0795589e-03
   2.3986655e-01  -3.6748443e-01   4.3277334e-01  -1.2352889e-02   2.3847346e-03   8.8159047e-03
   2.2789268e-01  -3.3344304e-01   4.2066119e-01  -1.1580632e-02   1.6045407e-03   8.7530256e-03
   2.6018352e-01  -4.5281239e-01   4.9265415e-01  -1.4703786e-02   2.3514280e-03   9.4423949e-03
   2.3091478e-01  -3.2155757e-01   3.5684242e-01  -9.1056390e-03   2.6508142e-03   8.5896821e-03
   2.2007350e-01  -6.3288829e-02   1.2159251e-01   2.0873594e-03   1.2143271e-03   9.2572482e-03
   2.5546748e-01  -1.7399948e-01   3.1167420e-01  -3.9476971e-03   8.7664917e-04   9.8016637e-03
   2.2907643e-01  -2.2713208e-01   3.8815336e-01  -6.4869030e-03   9.8804544e-04   9.6034906e-03
   2.0800111e-01  -3.0885440e-01   3.5232499e-01  -8.7058377e-03   9.7762561e-04   9.4046581e-03
   2.4168548e-01  -3.5876542e-01   3.7244151e-01  -1.0496330e-02   1.3872781e-03   1.0446459e-02
   2.4901794e-01  -3.7436124e-01   3.7570951e-01  -1.1491631e-02   1.2408374e-03   1.0723746e-02
   2.4675216e-01  -4.1513188e-01   3.6086730e-01  -1.2600504e-02   9.4425769e-04   1.0578217e-02
   2.3041642e-01  -4.5012686e-01   3.4629251e-01  -1.3275381e-02   9.6535374e-05   1.0418838e-02
   2.5400315e-01  -4.9222121e-01   3.9631161e-01  -1.4221437e-02   1.2586806e-03   1.0472611e-02
   2.5468790e-01  -4.9317316e-01   3.7485794e-01  -1.4343343e-02   1.5755637e-03   1.0642976e-02
   2.7712305e-01  -5.3101973e-01   3.9487065e-01  -1.5849057e-02   1.7321145e-03   1.0935203e-02
   2.5543172e-01  -5.0322868e-01   3.7998335e-01  -1.4244959e-02   3.1729949e-03   1.0070329e-02
   2.3412119e-01  -5.4366809e-01   3.1388168e-01  -1.6288542e-02   1.8651921e-03   1.0445125e-02
   1.8848766e-01  -3.2282143e-01   1.9238645e-01  -7.0403472e-03   5.4095893e-04   9.3231710e-03
   2.2246408e-01  -2.9051706e-01   1.4335686e-01  -5.9889998e-03   8.7569504e-04   9.3524402e-03
   1.5242801e-01  -4.6358165e-01   2.6619917e-01  -1.3657875e-02  -2.9047095e-03   8.5156664e-03
   1.7344790e-01  -3.3531737e-01   2.6946724e-01  -9.0723673e-03  -2.2389274e-03   1.1166918e-02
   2.0592638e-01  -3.8289788e-01   3.2221978e-01  -1.1705536e-02  -7.6565482e-04   1.2051485e-02
   2.2983738e-01  -3.7699124e-01   3.2312318e-01  -1.0721241e-02  -7.3725991e-04   1.2075300e-02
   2.4100760e-01  -4.3272268e-01   3.4519534e-01  -1.2362723e-02   4.1534824e-04   1.1996422e-02
   2.5020470e-01  -4.5028283e-01   2.9634196e-01  -1.2122368e-02   5.7192097e-04   1.1187820e-02
   2.5304966e-01  -4.1501074e-01   3.3959614e-01  -1.2734047e-02  -3.0420385e-04   1.1991656e-02
   2.6369289e-01  -5.1457086e-01   3.9438757e-01  -1.2068199e-02   3.1614968e-05   1.1739529e-02
   2.1326571e-01  -3.7684201e-01  -4.4373968e-02  -5.1661328e-05  -8.7083542e-04   1.0668033e-02
   1.9241773e-01  -2.1973131e-01  -1.6596718e-03  -8.0182694e-04  -2.5382488e-03   1.2291023e-02
   2.2419883e-01  -3.3840245e-01   1.3785356e-01  -4.9076028e-03  -1.5658050e-03   1.2504291e-02
   2.2793133e-01  -2.6287869e-01   8.2040583e-02  -4.0496291e-03  -2.0304809e-03   1.2433137e-02
   2.4003968e-01  -3.1866257e-01   2.0092306e-01  -6.5474124e-03  -2.1382163e-03   1.2834882e-02
   2.1932415e-01  -2.9438036e-01   1.4911766e-01  -5.4898233e-03  -1.6332419e-03   1.1829624e-02
   2.2784332e-01  -2.8945372e-01   2.1203026e-01  -5.0264842e-03  -1.8971687e-03   1.1948173e-02
   2.2684612e-01  -2.8402902e-01   1.8870369e-01  -5.6440188e-03  -1.7790983e-03   1.3158202e-02
   2.3584667e-01  -2.7935886e-01   2.4491049e-01  -6.8518359e-03  -1.5383380e-03   1.2477747e-02
   2.3857655e-01  -2.4957441e-01   2.2206985e-01  -6.5776380e-03  -1.5084313e-03   1.2726018e-02
   2.5681148e-01  -2.6774970e-01   2.5729674e-01  -6.6279070e-03  -5.4406270e-04   1.3551685e-02
   2.5663962e-01  -2.9792478e-01   2.4773204e-01  -7.0593718e-03  -3.2969750e-04   1.3406819e-02
   2.6265929e-01  -3.4184437e-01   2.7993913e-01  -7.9128427e-03  -6.7450150e-04   1.3633849e-02
   2.4776024e-01  -3.3899625e-01   2.3892364e-01  -7.7458018e-03  -1.2812783e-03   1.3517973e-02
   2.7813914e-01  -3.0362589e-01   2.5446633e-01  -6.5839646e-03  -2.5705582e-04   1.3987869e-02
   2.7813394e-01  -2.9685770e-01   2.4457667e-01  -6.3091351e-03  -7.4725137e-06   1.3418210e-02
   2.8378997e-01  -3.4738852e-01   3.0136698e-01  -7.6568152e-03  -5.7471195e-04   1.3616381e-02
   2.8028477e-01  -3.3104445e-01   2.1629813e-01  -7.5963480e-03  -8.8835246e-05   1.3148936e-02
   2.7759885e-01  -3.7204394e-01   2.4034412e-01  -8.2019466e-03  -1.4939495e-04   1.2708290e-02
   2.7262080e-01  -3.5971764e-01   2.6075186e-01  -7.4308888e-03  -4.6008421e-04   1.2510778e-02
   2.8555399e-01  -3.8945897e-01   2.6645721e-01  -8.0904216e-03  -2.3588600e-04   1.2961077e-02
   2.5032213e-01  -3.8632769e-01   2.5623449e-01  -8.1929583e-03  -1.0761626e-03   1.2376604e-02
   2.7148411e-01  -3.9594954e-01   2.3849060e-01  -7.8773644e-03  -1.0582378e-03   1.3480802e-02
   2.8202147e-01  -4.0322976e-01   2.3338426e-01  -7.9685703e-03  -2.3356444e-04   1.3344884e-02
   2.8948991e-01  -4.3908386e-01   2.2871402e-01  -9.2179399e-03  -5.5461914e-04   1.3344286e-02
   2.8108965e-01  -4.2939487e-01   2.3478250e-01  -9.4426646e-03  -3.8531866e-04   1.3143886e-02
   2.8532709e-01  -4.3736199e-01   2.3701374e-01  -9.0754888e-03  -4.3828001e-04   1.2929397e-02
   2.8676902e-01  -4.4027092e-01   2.1175190e-01  -8.8506136e-03  -3.7302982e-04   1.3253962e-02
   3.0161270e-01  -4.6251871e-01   2.3261293e-01  -9.9650823e-03  -6.7207399e-04   1.3282813e-02
   3.1366079e-01  -4.4946210e-01   2.2606973e-01  -9.1769792e-03  -1.7189573e-04   1.3284450e-02
   2.9897498e-01  -4.5105734e-01   2.8601249e-01  -9.4829571e-03  -7.6503298e-04   1.3202481e-02
   2.1962897e-01  -1.7138751e-01  -5.3229546e-02   2.1664126e-03  -2.9828017e-04   1.1294043e-02
   2.5136572e-01   4.3953010e-02  -2.0184247e-01   8.8718526e-03   1.5342304e-04   1.1264460e-02
   2.9477838e-01  -1.6012291e-01  -1.6492414e-02   1.7410926e-03  -4.5536576e-04   1.3167762e-02
   2.6758168e-01  -1.8242777e-01  -3.1631740e-02   1.4690082e-03  -1.0051308e-03   1.3656230e-02
   2.8660422e-01  -2.1919993e-01   2.0574714e-02  -1.5970427e-04  -7.0860442e-04   1.4657816e-02
   2.7484088e-01  -2.4628006e-01  -1.1336858e-02  -9.9720127e-04  -7.3880352e-04   1.4218467e-02
   2.8534422e-01  -2.5308062e-01  -5.4997198e-03  -2.3230218e-03  -8.3530158e-04   1.4396157e-02
   2.7107072e-01  -2.7227951e-01   1.5521212e-02  -3.1254636e-03  -1.4249639e-03   1.4390842e-02
   2.8553797e-01  -3.2779200e-01   6.1648102e-02  -4.3303746e-03  -1.0356530e-03   1.5292740e-02
   2.8501455e-01  -3.5136126e-01   5.5049220e-02  -5.1371268e-03  -7.9967509e-04   1.5414773e-02
   2.8368080e-01  -3.6356416e-01   6.6191128e-02  -6.0611994e-03  -1.2739727e-03   1.4883755e-02
   2.7010527e-01  -3.7577427e-01   5.0757012e-02  -6.7253927e-03  -2.0073290e-03   1.4820809e-02
   2.9247129e-01  -3.7381010e-01   6.3666703e-02  -5.4500952e-03  -1.5037795e-03   1.5995471e-02
   2.9675302e-01  -4.0350264e-01   8.7153103e-02  -6.2126325e-03  -1.2425042e-03   1.5641254e-02
   3.0513493e-01  -4.1289836e-01   9.5124567e-02  -6.1518569e-03  -1.2426199e-03   1.5616543e-02
   2.9463511e-01  -4.0359552e-01   1.1196588e-01  -6.6840662e-03  -1.0616861e-03   1.5053664e-02
   2.9949846e-01  -3.8826575e-01   1.1930312e-01  -5.4935565e-03  -1.4289228e-03   1.5314699e-02
   3.0271986e-01  -4.1518273e-01   1.1712963e-01  -6.2129388e-03  -1.4542407e-03   1.5402092e-02
   3.1163332e-01  -4.1733755e-01   1.0092507e-01  -6.1071029e-03  -1.2555166e-03   1.5843387e-02
   2.7859841e-01  -4.3234130e-01   9.6542923e-02  -7.0035011e-03  -1.9283581e-03   1.5017796e-02
   2.9496485e-01  -4.0346258e-01   6.9837095e-02  -5.1489978e-03  -1.4907776e-03   1.6181931e-02
   3.0123463e-01  -4.3869124e-01   1.0198615e-01  -6.5138848e-03  -8.7215098e-04   1.6078619e-02
   2.9409033e-01  -4.2369659e-01   5.6448704e-02  -5.6071789e-03  -1.4492422e-03   1.5748838e-02
   2.9527535e-01  -4.6649075e-01   5.9280750e-02  -7.5527314e-03  -1.0962037e-03   1.6120764e-02
   2.6077096e-01  -2.9164032e-01  -3.8027726e-02   6.2505168e-04  -1.6049522e-03   1.4773796e-02
   2.7630987e-01  -3.4504809e-01  -1.6946776e-01  -4.8133648e-04  -1.9106494e-03   1.5949865e-02
   2.9656557e-01  -4.0438354e-01  -6.4062150e-02  -4.2568526e-03  -2.0238975e-03   1.6679451e-02
   2.6762119e-01  -3.8686487e-01  -6.9050942e-02  -4.3541675e-03  -2.4229109e-03   1.6115932e-02
   2.9197300e-01  -4.0267683e-01  -4.3744206e-02  -4.8933094e-03  -2.1266342e-03   1.6890807e-02
   3.0013248e-01  -4.1948209e-01   8.3309684e-03  -5.2645148e-03  -1.4972118e-03   1.6936840e-02
   3.1334627e-01  -4.0311412e-01  -1.2510877e-02  -5.3018009e-03  -1.9444043e-03   1.6988603e-02
   3.0405606e-01  -4.3011167e-01   5.4841206e-02  -5.8324042e-03  -1.5164752e-03   1.6899422e-02
   3.0191657e-01  -4.3113092e-01   2.2683402e-02  -5.4122593e-03  -1.5793346e-03   1.6744135e-02
   3.1085027e-01  -4.4735771e-01   6.5121049e-02  -6.3756259e-03  -1.5688493e-03   1.6572692e-02
   2.7681991e-01  -2.0559970e-01  -1.7919331e-01   1.3669511e-03  -1.0280214e-03   1.6522981e-02
   2.7813308e-01  -2.3444408e-01  -1.5801473e-01   1.5936744e-03  -1.8868128e-03   1.6806527e-02
   2.6209535e-01  -3.4157572e-01  -9.8264305e-02  -2.5426335e-03  -3.1681558e-03   1.7224935e-02
   2.8352795e-01  -2.9155457e-01  -1.4249674e-01  -6.3160180e-04  -2.0233286e-03   1.7122660e-02
   2.5855191e-01  -2.2119299e-01  -2.6325630e-01   1.7371085e-03  -2.5363544e-03   1.5846307e-02
   2.8388576e-01  -1.5009637e-01  -2.4484234e-01   3.7473705e-03  -2.8065397e-03   1.6268357e-02
   2.5074675e-01  -1.7676636e-01  -2.1517822e-01   2.1059423e-03  -4.4205003e-03   1.6484652e-02
   2.6977755e-01  -2.6091611e-01  -1.6679452e-01   5.5096388e-04  -3.6082984e-03   1.7091752e-02
   2.5611261e-01  -3.1840755e-01  -1.4459148e-01  -1.2487512e-03  -3.8879731e-03   1.6737578e-02
   2.4768534e-01  -3.0068831e-01  -1.5130797e-01  -1.0362223e-03  -3.9626550e-03   1.6793013e-02
   2.0554581e-01  -3.0784601e-01  -1.7827502e-01  -2.2313330e-03  -4.4956030e-03   1.6186436e-02
   2.1922281e-01  -3.4097968e-01  -1.5117875e-01  -2.7178583e-03  -4.1456557e-03   1.6396563e-02
   2.2519880e-01  -3.7337373e-01  -1.1951986e-01  -4.3575334e-03  -4.0792184e-03   1.6321929e-02
   2.2440758e-01  -3.8343405e-01  -1.4224911e-01  -4.3442692e-03  -4.0346605e-03   1.6245997e-02
   2.2898958e-01  -4.1903473e-01  -1.1912577e-01  -5.7810227e-03  -3.8392392e-03   1.6002874e-02
   2.2338064e-01  -4.4628273e-01  -7.6086718e-02  -5.9901434e-03  -3.8518832e-03   1.6007696e-02
   2.3290574e-01  -4.7075585e-01  -9.4683081e-02  -6.8642341e-03  -3.2702241e-03   1.6284073e-02
   2.3720060e-01  -4.5052126e-01  -9.2890631e-02  -6.2908593e-03  -3.3089587e-03   1.6602799e-02
   2.4082184e-01  -4.8257516e-01  -1.0580234e-01  -7.3198107e-03  -3.3826131e-03   1.6373209e-02
   2.3192808e-01  -4.7735811e-01  -6.6420425e-02  -6.7827578e-03  -3.6969297e-03   1.5901591e-02
   2.2751380e-01  -5.0265144e-01  -3.8091806e-02  -7.9684059e-03  -3.7068799e-03   1.6191397e-02
   2.2362648e-01  -4.9401206e-01  -8.6367575e-02  -7.4992223e-03  -3.4749262e-03   1.5898850e-02
   2.2964036e-01  -5.0704944e-01  -8.3038087e-02  -8.3815289e-03  -3.4157992e-03   1.5585843e-02
   2.2715951e-01  -5.0300201e-01  -7.0979758e-02  -7.5462293e-03  -3.4635023e-03   1.5276611e-02
   2.2614444e-01  -5.5826594e-01  -3.3506341e-02  -9.0937108e-03  -3.3166552e-03   1.5643539e-02
   2.0624905e-01  -4.6032393e-01  -1.2466776e-01  -5.5011331e-03  -3.2506089e-03   1.5101097e-02
   1.6445022e-01  -3.0966033e-01  -3.9128669e-01   1.5639294e-03  -4.6491054e-03   1.4580375e-02
   1.4532437e-01  -3.2030694e-01  -1.8623304e-01  -1.2646384e-03  -5.1152611e-03   1.5231533e-02
   1.6492241e-01  -3.0774783e-01  -2.2195819e-01  -6.0444041e-04  -3.6930385e-03   1.5445381e-02
   1.6960435e-01  -3.4910636e-01  -1.3183754e-01  -1.9555638e-03  -4.6374398e-03   1.4866113e-02
   1.4523248e-01  -3.3351803e-01  -1.4181587e-01  -2.0357496e-03  -4.7273845e-03   1.4980975e-02
   1.5870729e-01  -3.4925489e-01  -1.5414990e-01  -2.5795856e-03  -4.5590439e-03   1.5657706e-02
   1.7166891e-01  -3.8289525e-01  -1.4187211e-01  -2.8549324e-03  -4.1808292e-03   1.6107346e-02
   1.6773911e-01  -4.2331847e-01  -1.7744917e-01  -3.7048861e-03  -4.0686910e-03   1.6107649e-02
   1.7681558e-01  -4.3056098e-01  -1.8360455e-01  -4.1323848e-03  -3.8416242e-03   1.6490386e-02
   1.7413103e-01  -4.3438397e-01  -1.4257453e-01  -4.7407492e-03  -4.3307426e-03   1.6062204e-02
   1.8491959e-01  -4.5557375e-01  -1.2270508e-01  -4.7236843e-03  -3.9828169e-03   1.6490386e-02
   1.9451001e-01  -4.5410009e-01  -1.1861215e-01  -4.6091739e-03  -3.8580298e-03   1.6458211e-02
   1.9107187e-01  -4.5784712e-01  -1.2588822e-01  -4.5857414e-03  -3.6791467e-03   1.6428441e-02
   1.9215516e-01  -4.7629454e-01  -1.0720611e-01  -5.4419636e-03  -4.0252577e-03   1.6692204e-02
   1.9671525e-01  -4.5859484e-01  -7.7633255e-02  -4.0106686e-03  -3.3511944e-03   1.6604110e-02
   2.1591436e-01  -4.6902003e-01  -5.3836172e-02  -4.1063961e-03  -2.7170100e-03   1.6605152e-02
   2.0847246e-01  -4.4371210e-01  -2.9528109e-02  -3.7886909e-03  -3.0246497e-03   1.7045913e-02
   1.9652957e-01  -4.4965147e-01  -5.8544243e-02  -4.4152489e-03  -3.7796215e-03   1.6621023e-02
   2.2167538e-01  -4.5431692e-01  -2.1432392e-02  -4.2561905e-03  -2.7474926e-03   1.7422666e-02
   2.2010149e-01  -4.6887174e-01  -5.6109958e-03  -4.4537598e-03  -2.4320025e-03   1.7239798e-02
   2.3020532e-01  -4.7132674e-01  -3.7851620e-02  -4.3521676e-03  -2.2122252e-03   1.7378535e-02
   2.2854536e-01  -4.7037578e-01  -3.5810437e-02  -4.7503700e-03  -2.2928758e-03   1.6909547e-02
   2.3210957e-01  -4.7532031e-01   3.1186341e-02  -4.5498267e-03  -2.1728484e-03   1.6902440e-02
   2.3870962e-01  -5.1528152e-01   2.3948191e-02  -5.6157523e-03  -1.8238606e-03   1.7395556e-02
   2.4179390e-01  -5.0717010e-01   3.1949303e-02  -5.3265713e-03  -1.8372490e-03   1.7611526e-02
   2.4044001e-01  -5.0693011e-01  -2.5552149e-02  -5.8765894e-03  -1.7841181e-03   1.7388574e-02
   2.5524580e-01  -4.9291859e-01  -8.4322942e-03  -5.5808251e-03  -1.6367203e-03   1.7645418e-02
   2.5941950e-01  -5.2338954e-01   2.1653149e-03  -5.9929883e-03  -1.4092655e-03   1.7694881e-02
   2.6103804e-01  -5.0458867e-01  -2.5346369e-02  -5.5048337e-03  -1.4602940e-03   1.7496986e-02
   2.6372181e-01  -5.3474263e-01  -2.2547971e-03  -6.2390485e-03  -1.4105299e-03   1.7495638e-02
   2.5673369e-01  -5.0520097e-01   2.1740826e-02  -5.2240916e-03  -1.6279131e-03   1.7105839e-02
   2.6511555e-01  -5.4502418e-01  -3.8711373e-03  -6.0478559e-03  -1.2856605e-03   1.6855031e-02
   2.5294064e-01  -5.2741060e-01   3.9487896e-03  -5.7285313e-03  -1.6519578e-03   1.7234646e-02
   2.5863093e-01  -5.6847122e-01   2.6771401e-02  -6.8594798e-03  -1.4372212e-03   1.7430803e-02
   2.3592388e-01  -4.8934297e-01  -2.3034182e-02  -4.7704554e-03  -2.1057958e-03   1.7313401e-02
   2.7470267e-01  -5.2702390e-01  -1.8052362e-01  -4.4495462e-03   3.1977773e-04   1.5902412e-02
   2.5489672e-01  -2.8975368e-01  -2.0381654e-01   3.4282667e-03  -3.2242467e-04   1.5102660e-02
   2.5094312e-01  -3.3539210e-01  -1.6643252e-01   2.0939690e-03  -1.0570157e-03   1.5963013e-02
   2.4842967e-01  -4.2042881e-01  -1.3186833e-01  -1.6791442e-03  -1.3966095e-03   1.6661874e-02
   2.4939170e-01  -4.6413189e-01  -8.8801697e-02  -2.6119433e-03  -1.6311854e-03   1.6700348e-02
   2.5578777e-01  -4.9904425e-01  -1.1008984e-01  -4.1105388e-03  -1.6552490e-03   1.6955446e-02
   2.4895277e-01  -4.9936318e-01  -8.9782654e-02  -3.5351065e-03  -1.5932477e-03   1.6661882e-02
   2.4617893e-01  -5.3296264e-01  -1.0248278e-01  -5.0226353e-03  -1.7441522e-03   1.6903488e-02
   2.5692483e-01  -5.4847800e-01  -1.0909271e-01  -4.6103270e-03  -1.3976482e-03   1.6929703e-02
   2.5730239e-01  -5.2726120e-01  -7.9699855e-02  -4.5613363e-03  -1.5999986e-03   1.6927809e-02
   2.6307397e-01  -5.4531937e-01  -9.0626784e-02  -4.5418305e-03  -1.3335846e-03   1.7073384e-02
   2.6257592e-01  -5.5868576e-01  -8.2775077e-02  -5.7327202e-03  -1.5174563e-03   1.7065509e-02
   2.6690225e-01  -5.4957088e-01   5.1943632e-03  -3.8633629e-03  -1.3567628e-03   1.6483927e-02
   2.5950425e-01  -5.5424001e-01  -1.1856575e-01  -3.7999428e-03  -1.6603865e-03   1.6567495e-02
   2.5730235e-01  -5.6200055e-01  -6.8537840e-02  -5.2070970e-03  -2.0905345e-03   1.7034653e-02
   2.3590707e-01  -6.0023114e-01  -8.4834044e-02  -6.7713891e-03  -2.3733536e-03   1.6973787e-02
   2.4939611e-01  -5.8962912e-01  -7.1165353e-02  -6.3621755e-03  -2.6847552e-03   1.7849983e-02
   2.6550322e-01  -6.0771644e-01  -3.9519195e-02  -6.8799492e-03  -1.7214290e-03   1.7868412e-02
   2.6598511e-01  -6.3646425e-01  -5.2697562e-02  -7.6048092e-03  -1.5257135e-03   1.7794430e-02
   2.8115109e-01  -6.5226301e-01  -4.0167101e-03  -7.9179307e-03  -1.1091771e-03   1.8042205e-02
   2.8256113e-01  -6.5876378e-01   3.3955795e-03  -7.7768520e-03  -1.4199294e-03   1.7887844e-02
   2.6630270e-01  -6.6107581e-01  -7.9305084e-03  -8.2030359e-03  -1.7003870e-03   1.7687890e-02
   2.7869344e-01  -6.8140360e-01  -4.5171107e-02  -8.8343752e-03  -1.0441181e-03   1.7803128e-02
   2.5508955e-01  -6.6472515e-01  -2.2461196e-02  -8.2030663e-03  -1.7874778e-03   1.7691754e-02
   2.6583300e-01  -6.7786101e-01  -9.5829672e-02  -7.6668049e-03  -1.7691698e-03   1.7577324e-02
   2.6837657e-01  -5.4604151e-01  -4.4211596e-02  -2.9397488e-03  -4.1262700e-04   1.5744738e-02
   2.4123841e-01  -2.8532510e-01  -2.3965481e-01   8.0723688e-03  -6.2230096e-04   1.4653579e-02
   2.3256103e-01  -4.0897285e-01  -2.5252771e-01   3.1181991e-03  -1.5814100e-03   1.5556493e-02
   2.3383747e-01  -4.0922608e-01  -2.1158627e-01   2.6376765e-03  -2.1058449e-03   1.7026075e-02
   2.5826409e-01  -4.7869743e-01  -2.0033844e-01  -2.5855138e-05  -1.5208857e-03   1.7667178e-02
   2.3971540e-01  -4.7477623e-01  -2.5616324e-01   1.8010920e-04  -2.3406000e-03   1.6692900e-02
   2.2660716e-01  -5.5050913e-01  -1.8369482e-01  -2.8134392e-03  -2.3029376e-03   1.6752292e-02
   1.7809764e-01  -4.8035585e-01  -1.9044133e-01  -4.1082652e-04  -2.2883740e-03   1.5163858e-02
   2.0150012e-01  -4.9415925e-01  -1.8131546e-01  -8.6699634e-04  -2.2246803e-03   1.5606253e-02
   1.9525252e-01  -5.1641739e-01  -1.7008465e-01  -1.5410974e-03  -2.1205009e-03   1.5816068e-02
   1.8891220e-01  -5.6318793e-01  -2.0200682e-01  -2.7944965e-03  -2.2477177e-03   1.5531154e-02
   1.6623477e-01  -5.2152329e-01  -2.3865646e-01  -1.2183456e-03  -2.2633433e-03   1.5498816e-02
   1.8047140e-01  -5.1979299e-01  -2.1616780e-01  -5.2837070e-04  -2.1137194e-03   1.5621874e-02
   1.7003873e-01  -5.5795893e-01  -2.4877282e-01  -1.8093875e-03  -2.4109920e-03   1.5548306e-02
   1.8735029e-01  -5.6871625e-01  -2.5696877e-01  -1.8697631e-03  -2.3263191e-03   1.5733797e-02
   1.7230612e-01  -5.8780494e-01  -2.2640673e-01  -2.3507567e-03  -2.3770425e-03   1.5483428e-02
   1.7983858e-01  -5.6813527e-01  -1.8967121e-01  -1.5231616e-03  -2.6924887e-03   1.5443671e-02
   1.6459082e-01  -5.7287797e-01  -2.4798672e-01  -1.8263796e-03  -2.5213184e-03   1.5504444e-02
   1.7803163e-01  -5.8885890e-01  -2.2397024e-01  -2.5098133e-03  -2.6583952e-03   1.5719052e-02
   1.6006953e-01  -5.8945208e-01  -2.1568955e-01  -2.3885420e-03  -2.8184784e-03   1.5335119e-02
   1.7743255e-01  -5.9228569e-01  -2.0549542e-01  -1.8377035e-03  -3.0530061e-03   1.6134347e-02
   1.8575431e-01  -6.1703578e-01  -2.2583500e-01  -2.6200001e-03  -2.8724461e-03   1.6333510e-02
   1.9640070e-01  -5.8608798e-01  -2.1212179e-01  -2.2012251e-03  -2.7425326e-03   1.6417035e-02
   1.9349370e-01  -6.0575288e-01  -2.1844785e-01  -3.0038965e-03  -2.6034085e-03   1.6218761e-02
   2.0784467e-01  -6.0427094e-01  -2.1246265e-01  -2.3932018e-03  -2.7889631e-03   1.6442686e-02
   1.8995515e-01  -6.4647258e-01  -1.9688083e-01  -3.8476918e-03  -2.6866713e-03   1.6312561e-02
   2.1007461e-01  -6.6475365e-01  -1.8158449e-01  -5.1596217e-03  -2.9565732e-03   1.6697587e-02
   2.3720563e-01  -6.8977839e-01  -1.6863758e-01  -5.5884034e-03  -2.3762462e-03   1.7041272e-02
   2.2628088e-01  -7.0465492e-01  -1.3490935e-01  -6.3330586e-03  -2.5407950e-03   1.6595443e-02
   2.1303265e-01  -6.9998402e-01  -1.4805183e-01  -5.7608064e-03  -2.3644335e-03   1.6141332e-02
   2.2013050e-01  -6.9546973e-01  -1.3680973e-01  -6.1374911e-03  -2.5527674e-03   1.6531610e-02
   1.7160879e-01  -6.8005123e-01  -1.0323214e-01  -5.3618625e-03  -3.4220866e-03   1.5313812e-02
   1.6060321e-01  -7.1781984e-01  -1.9560488e-01  -5.7509407e-03  -4.1730182e-03   1.5680742e-02
   2.1466514e-01  -7.3036400e-01  -1.6123957e-01  -5.8412852e-03  -3.1860635e-03   1.6372083e-02
   2.0356970e-01  -7.3699479e-01  -1.8296206e-01  -6.8065767e-03  -3.6762020e-03   1.6405342e-02
   2.0297996e-01  -7.3764339e-01  -1.2632723e-01  -6.8121324e-03  -3.1797574e-03   1.6515885e-02
   1.9100124e-01  -7.5905764e-01  -1.9693581e-01  -7.3744967e-03  -3.8062227e-03   1.6785980e-02
   1.5099008e-01  -5.4571748e-01  -2.2660111e-01   4.4029464e-04  -3.4552008e-03   1.6451696e-02
   1.9314596e-01  -3.3316246e-01  -2.8242467e-01   1.0152376e-02  -2.2691343e-03   1.5477404e-02
   2.3026047e-01  -4.4769710e-01  -3.3399866e-01   5.9318142e-03  -1.6099674e-03   1.5358120e-02
   2.1663602e-01  -4.6183203e-01  -2.4656282e-01   3.4499170e-03  -2.5014483e-03   1.6007061e-02
   2.0953242e-01  -3.8807687e-01  -3.0024560e-01   7.9615582e-03  -1.0795848e-03   1.5177399e-02
   2.2807394e-01  -3.8105476e-02  -3.9610256e-01   2.3218605e-02   7.6261707e-04   1.1409203e-02
   2.2043233e-01  -1.5128201e-01  -3.9651867e-01   1.7953261e-02  -8.5026870e-04   1.3529534e-02
   2.0754849e-01  -1.4128476e-01  -3.4761914e-01   1.6461374e-02  -1.0226287e-03   1.3153134e-02
   1.6326629e-01  -2.7242011e-01  -4.1626021e-01   1.9440239e-02  -1.0878024e-03   1.2744762e-02
   1.6827303e-01  -2.0464461e-01  -4.9283314e-01   1.7490911e-02  -1.1937057e-03   1.4982926e-02
   1.6702642e-01  -2.5044773e-01  -5.3589563e-01   1.4309120e-02  -1.5030088e-03   1.4757877e-02
   1.8059884e-01  -3.1810595e-01  -4.7988567e-01   1.0304509e-02  -1.3434994e-03   1.6067112e-02
   1.8244302e-01  -7.1057345e-02  -1.3645033e-01   1.9530143e-02  -5.9239822e-05   1.2113630e-02
   1.5287207e-01   2.6635795e-02  -3.3583644e-01   2.5647898e-02  -3.2842509e-04   1.1200510e-02
   1.5907446e-01  -4.7061225e-02  -1.8196985e-01   1.8440295e-02  -8.1786406e-04   1.1779588e-02
   1.8515941e-01  -1.9701801e-01  -1.0014009e-01   1.3660887e-02  -1.6660621e-04   1.1211048e-02
