   0.0000000e+00  -1.4210855e-14   0.0000000e+00   0.0000000e+00   0.0000000e+00   9.4039548e-38
  -1.8152823e-02   4.9302651e-02   1.0060000e-01  -5.5204491e-05   5.3524187e-05  -1.3412919e-04
  -9.5366240e-02   1.9980107e-01  -8.5128996e-02   4.2236390e-03  -3.3645053e-03   5.5249612e-04
  -1.2313778e-01   2.9281496e-01  -4.8144877e-01   7.6210927e-03  -3.0372017e-03  -8.1247508e-05
  -1.4291403e-01   2.9326839e-01  -4.3819021e-01   1.0070291e-02  -2.4280073e-03  -4.9354971e-04
  -1.3362849e-01   3.2355394e-01  -3.6801443e-01   1.1557381e-02  -3.5113909e-03   9.2678148e-04
  -1.1924699e-01   3.4195491e-01  -5.0085818e-01   1.1735604e-02  -4.0856401e-03   8.4862645e-04
  -1.1477213e-01   3.6040648e-01  -5.9734852e-01   1.0635346e-02  -3.7668735e-03   2.3700338e-04
  -1.4185439e-01   3.8031667e-01  -5.4419743e-01   1.0967176e-02  -3.8714916e-03   1.9596559e-05
  -1.4198036e-01   3.7628870e-01  -4.5387774e-01   1.1268235e-02  -4.5964812e-03   9.0461054e-04
  -1.6820979e-01   4.3302690e-01  -4.6308007e-01   1.2503156e-02  -5.1830448e-03   8.0269078e-04
  -1.5255241e-01   3.5823709e-01  -4.5701964e-01   7.5358354e-03  -5.0403154e-03   4.2683138e-04
  -1.5413458e-01   3.8385660e-01  -4.1706248e-01   9.1495723e-03  -4.9805772e-03   7.5593097e-04
  -1.4029616e-01   4.1850624e-01  -4.3427363e-01   9.8506530e-03  -5.4145145e-03   1.4297823e-03
  -8.7411192e-02   4.2992955e-01  -3.9793676e-01   9.9541631e-03  -4.6131459e-03   1.7654456e-03
  -4.2862634e-02   4.0792448e-01  -6.0968128e-01   8.3596889e-03  -4.6327436e-03   1.4954186e-03
   3.1043473e-02   2.9755439e-01  -3.6357995e-01   6.6229055e-03  -4.0470768e-03   2.6711719e-03
   3.2475672e-02   3.1128791e-01  -4.1330000e-01   7.6240502e-03  -4.1409745e-03   2.8416822e-03
  -1.8836379e-03   3.8570336e-01  -4.4594122e-01   8.2501358e-03  -4.3688438e-03   2.7136080e-03
  -3.0941892e-02   3.8328074e-01  -4.7931474e-01   8.6838283e-03  -4.9786177e-03   2.3646611e-03
   1.2267940e-02   4.0912035e-01  -4.3193551e-01   9.3904029e-03  -5.0414892e-03   2.7303970e-03
  -1.8778807e-02   3.9624795e-01  -4.5071307e-01   9.1744848e-03  -5.3273907e-03   2.7640558e-03
  -1.0441338e-01   4.1548263e-01  -5.1281114e-01   9.7623114e-03  -6.6347083e-03   1.7037614e-03
  -1.2439185e-01   3.9854402e-01  -5.2351015e-01   9.7796550e-03  -6.2512583e-03   1.2158867e-03
  -1.8968975e-01   4.0275195e-01  -6.2859342e-01   8.1117055e-03  -5.2370485e-03  -7.2485411e-04
  -2.1962145e-01   3.9588775e-01  -5.4404370e-01   7.2010774e-03  -5.5162654e-03  -1.8599805e-03
  -2.2987571e-01   4.6926325e-01  -5.7571287e-01   9.6976145e-03  -6.6377515e-03  -1.0295066e-03
  -1.3325549e-01   4.5530534e-01  -5.2329157e-01   9.8769591e-03  -5.6478999e-03  -1.0005806e-04
  -1.0851301e-01   4.2994735e-01  -5.3432574e-01   9.9480314e-03  -4.9519517e-03   3.8973041e-04
  -1.5720073e-01   4.7854572e-01  -6.4282737e-01   1.1225148e-02  -5.9336093e-03  -6.5241930e-05
  -1.7646524e-01   4.9113972e-01  -6.4531816e-01   1.2530859e-02  -6.0348251e-03  -1.7720932e-04
  -1.3879051e-01   5.2915980e-01  -7.2006546e-01   1.3904324e-02  -6.0117889e-03   5.1646468e-04
  -1.4270214e-01   5.2787898e-01  -7.6195894e-01   1.2792889e-02  -6.4573803e-03   7.6154674e-04
  -1.5251901e-01   5.1113088e-01  -6.5438164e-01   1.1831710e-02  -7.0942233e-03   7.7781392e-04
  -1.7150383e-01   5.4731149e-01  -6.6555631e-01   1.2812742e-02  -7.2648863e-03   5.6736225e-04
  -1.9452345e-01   5.2542907e-01  -6.9996525e-01   1.2950188e-02  -7.7401600e-03   6.3927991e-04
  -1.9596008e-01   5.1962672e-01  -7.2422281e-01   1.1916922e-02  -7.6992873e-03   3.8835977e-04
  -1.8110894e-01   5.4621150e-01  -6.9946710e-01   1.1679504e-02  -8.2159321e-03   6.8259645e-04
  -2.1037474e-01   5.3624439e-01  -6.8523461e-01   1.2685060e-02  -8.6833628e-03   7.9079082e-04
  -2.2640524e-01   5.6836007e-01  -7.7497220e-01   1.4042699e-02  -8.6905610e-03   4.3829379e-04
  -2.1475515e-01   5.4855928e-01  -9.5483252e-01   1.2603844e-02  -7.9656552e-03  -5.9688966e-04
  -2.3545516e-01   5.6942668e-01  -8.1265155e-01   1.2687877e-02  -8.6701884e-03  -1.2017313e-04
  -2.4486616e-01   6.1985284e-01  -8.8705880e-01   1.4936892e-02  -8.9625615e-03  -1.5342410e-04
  -2.2249450e-01   6.2889235e-01  -7.8585128e-01   1.5090101e-02  -9.0636076e-03   9.1535657e-04
  -1.4413626e-01   5.9699736e-01  -8.4768843e-01   1.4469950e-02  -8.3236187e-03   1.7653260e-03
  -9.7448091e-02   5.7770905e-01  -8.0389942e-01   1.3314540e-02  -8.3111970e-03   1.8988097e-03
  -1.2204967e-01   5.6781130e-01  -7.5023825e-01   1.3488148e-02  -9.0869801e-03   1.8784390e-03
  -1.0247209e-01   5.8075234e-01  -6.9660017e-01   1.3469254e-02  -9.0136477e-03   2.6034105e-03
  -4.3460498e-02   5.0639755e-01  -6.4789638e-01   1.3012947e-02  -8.4810946e-03   3.4473897e-03
  -1.1162352e-01   5.8247302e-01  -7.9399400e-01   1.5018509e-02  -8.8176833e-03   2.3351218e-03
  -1.1872927e-01   6.8535724e-01  -9.5729892e-01   1.5981670e-02  -9.4571292e-03   2.1712386e-03
  -1.0372819e-01   6.5977033e-01  -8.5554923e-01   1.5932116e-02  -9.8865633e-03   3.0210757e-03
  -1.2614502e-01   6.9762823e-01  -9.9995426e-01   1.6264792e-02  -9.9367149e-03   2.1444525e-03
  -1.7616963e-01   5.9514978e-01  -9.3087062e-01   1.3604934e-02  -9.7631648e-03   9.3309265e-04
  -1.7593325e-01   6.1435333e-01  -9.0026701e-01   1.3614875e-02  -1.0021224e-02   1.2965972e-03
  -1.8123931e-01   6.3761512e-01  -9.0957225e-01   1.4891713e-02  -1.0365961e-02   1.4887112e-03
  -1.4317664e-01   6.4525806e-01  -9.3670928e-01   1.4592201e-02  -9.4959323e-03   1.6108560e-03
  -9.4945093e-02   5.9858220e-01  -8.4149914e-01   1.3623352e-02  -9.1834127e-03   2.1782753e-03
  -9.2056443e-02   6.2711977e-01  -7.7609187e-01   1.3815316e-02  -9.7602862e-03   2.7096327e-03
  -1.0849854e-01   6.4398750e-01  -8.2963618e-01   1.4048402e-02  -1.0243261e-02   2.7645985e-03
  -1.4666008e-01   6.5378692e-01  -8.7846354e-01   1.5165636e-02  -9.7693525e-03   1.6879384e-03
  -1.8314188e-01   6.3240908e-01  -1.0108412e+00   1.4774365e-02  -9.3535833e-03   5.0589918e-05
  -1.7014179e-01   6.0851674e-01  -9.8366310e-01   1.4876452e-02  -9.4795460e-03   2.8831506e-04
  -1.7934878e-01   6.0536851e-01  -9.3327572e-01   1.5855695e-02  -9.8119080e-03   3.6794820e-04
  -1.8425598e-01   6.6058657e-01  -9.6602000e-01   1.7270546e-02  -9.7919250e-03   7.0615963e-04
  -1.9575053e-01   6.6907924e-01  -1.0243458e+00   1.6001507e-02  -9.7315280e-03  -6.6692273e-05
  -2.0548692e-01   6.8342861e-01  -9.5482148e-01   1.6212337e-02  -9.7668064e-03   2.9749817e-04
  -2.1391232e-01   7.0005366e-01  -9.8004004e-01   1.7105569e-02  -1.0456709e-02   1.2858293e-04
  -1.7183083e-01   7.2219839e-01  -9.5133116e-01   1.7897103e-02  -9.8356017e-03   1.0078670e-03
  -1.6106770e-01   7.2859741e-01  -1.0282354e+00   1.6587420e-02  -9.2386799e-03   5.7428929e-04
  -1.9071784e-01   7.2922976e-01  -9.9232841e-01   1.6342620e-02  -1.0161539e-02   3.9643115e-04
  -1.9482681e-01   7.4941046e-01  -9.8685231e-01   1.7110660e-02  -1.0281449e-02   2.7086988e-04
  -1.8118231e-01   7.4255664e-01  -9.5278005e-01   1.6779004e-02  -1.0507152e-02   8.0783562e-04
  -2.0598035e-01   7.0070735e-01  -9.5942492e-01   1.5916669e-02  -1.0349294e-02   4.2452911e-04
  -2.2612439e-01   7.1062616e-01  -9.8015746e-01   1.5923436e-02  -1.0692373e-02   7.0572271e-05
  -2.3047201e-01   7.4553494e-01  -1.0023973e+00   1.7217767e-02  -1.0887223e-02   8.9628397e-05
  -2.3828795e-01   7.3935401e-01  -1.0008264e+00   1.7853795e-02  -1.0752470e-02   3.0724731e-04
  -1.9469997e-01   7.7473873e-01  -1.0607338e+00   1.7800412e-02  -1.0444199e-02   5.7872652e-04
  -1.4964852e-01   7.1594346e-01  -1.0770108e+00   1.7476387e-02  -9.2917974e-03   9.3862570e-04
  -1.5645275e-01   7.6449399e-01  -1.1236661e+00   1.8274453e-02  -9.2435386e-03   1.2026055e-04
  -1.9759431e-01   7.3752676e-01  -1.0397299e+00   1.8331526e-02  -9.4456414e-03   2.3774978e-04
  -1.9293232e-01   7.2673800e-01  -1.0572834e+00   1.8093911e-02  -9.2910869e-03   1.5349643e-04
  -2.1630340e-01   7.0501950e-01  -1.0278297e+00   1.7309224e-02  -8.9255284e-03  -3.4565556e-04
  -2.3531923e-01   7.2851175e-01  -1.0665311e+00   1.7751387e-02  -9.3631086e-03  -5.7081962e-04
  -2.4215781e-01   7.3090865e-01  -1.0516540e+00   1.7590134e-02  -9.3761706e-03  -5.6129830e-04
  -2.3837315e-01   7.6881056e-01  -1.1424678e+00   1.8126325e-02  -9.6231028e-03  -5.4154741e-04
  -2.3837460e-01   7.7951169e-01  -1.1811890e+00   1.7797820e-02  -9.4973315e-03  -7.9756766e-04
  -2.3324884e-01   7.7419647e-01  -1.1044779e+00   1.7068740e-02  -9.4766380e-03  -5.6736789e-04
  -2.4798087e-01   7.7317934e-01  -1.1177863e+00   1.7330445e-02  -9.7388349e-03  -7.4098157e-04
  -2.5240357e-01   7.7292085e-01  -1.1182118e+00   1.7898075e-02  -9.9225566e-03  -3.3555846e-04
  -2.4243162e-01   7.5152891e-01  -1.1426134e+00   1.7486787e-02  -9.5180823e-03  -5.3689717e-04
  -2.2509882e-01   7.4378223e-01  -1.1300839e+00   1.6597990e-02  -9.5382177e-03  -3.7400958e-04
  -2.2588780e-01   7.7680474e-01  -1.1643039e+00   1.8233135e-02  -9.2703895e-03  -2.0369136e-04
  -2.1334153e-01   8.3953691e-01  -1.2686173e+00   2.0557900e-02  -9.6132546e-03   3.9739738e-04
  -1.6009357e-01   8.4864257e-01  -1.3272276e+00   2.1216416e-02  -8.9497315e-03   9.6933818e-04
  -2.0826706e-01   7.9815542e-01  -1.1687163e+00   1.9158454e-02  -9.0328782e-03   2.5213527e-04
  -2.0794666e-01   7.9949883e-01  -1.1293419e+00   1.8522281e-02  -9.0185884e-03   2.5802120e-04
  -2.0924288e-01   8.0560849e-01  -1.1907248e+00   1.8757592e-02  -9.0034997e-03   5.4919572e-04
  -2.1362066e-01   8.3144335e-01  -1.3690310e+00   1.9372894e-02  -8.6410600e-03  -4.4156544e-04
  -2.0967902e-01   7.9723854e-01  -1.2654336e+00   1.8016379e-02  -7.6755383e-03  -8.1882574e-04
  -2.1525198e-01   8.3606821e-01  -1.2327655e+00   1.8641089e-02  -8.3759729e-03  -2.1855344e-04
  -2.3148946e-01   8.5672795e-01  -1.2735645e+00   2.0295280e-02  -8.2339661e-03  -1.8619061e-04
  -2.1431174e-01   8.2574609e-01  -1.2642223e+00   1.9572778e-02  -7.9385499e-03  -6.4465789e-05
  -2.1052922e-01   8.2377105e-01  -1.2989988e+00   1.9340416e-02  -8.1664864e-03  -3.1503018e-04
  -1.9795839e-01   8.6018246e-01  -1.3282978e+00   1.9477063e-02  -8.3181702e-03  -1.8580794e-04
  -1.9423309e-01   8.6462039e-01  -1.2755159e+00   1.9631340e-02  -8.4299727e-03   1.8968953e-04
  -1.7271691e-01   8.6284607e-01  -1.3143748e+00   1.9599424e-02  -8.4060024e-03   6.3056293e-04
  -1.9530511e-01   8.2323343e-01  -1.2928875e+00   1.8603028e-02  -8.3931460e-03   2.5366742e-04
  -2.1354391e-01   8.4929997e-01  -1.3239589e+00   1.9237088e-02  -8.9855464e-03   7.3218184e-08
  -2.1112896e-01   8.2660127e-01  -1.2596525e+00   1.9780756e-02  -8.9807915e-03   2.6988460e-04
  -2.4342432e-01   8.6211156e-01  -1.3821817e+00   2.0353123e-02  -9.1661417e-03  -1.6562281e-04
  -2.6316031e-01   8.5063613e-01  -1.3445780e+00   1.9533548e-02  -8.8995998e-03  -6.2762921e-04
  -2.4230249e-01   8.3915938e-01  -1.2559288e+00   1.9183077e-02  -8.8695219e-03  -2.3803499e-04
  -2.5794385e-01   8.5626629e-01  -1.2514037e+00   1.9487457e-02  -8.9556099e-03  -2.2227182e-04
  -2.6038384e-01   8.4779504e-01  -1.2610945e+00   1.9711883e-02  -9.1388275e-03  -1.3812555e-04
  -2.7157515e-01   7.9122681e-01  -1.2502242e+00   1.9012317e-02  -8.8007906e-03  -6.1052008e-04
  -2.6871080e-01   8.2883733e-01  -1.2471760e+00   1.9235589e-02  -9.2975775e-03  -1.5523281e-04
  -2.2060955e-01   8.3134015e-01  -1.2353924e+00   1.9165731e-02  -9.4090771e-03   1.8260581e-04
  -1.9870351e-01   8.2601445e-01  -1.2134182e+00   1.8883029e-02  -8.8110750e-03   5.1018261e-04
  -2.1708541e-01   8.2409608e-01  -1.3511831e+00   1.8141936e-02  -8.8080122e-03  -3.4433613e-04
  -2.0787950e-01   7.9292230e-01  -1.2856757e+00   1.7126557e-02  -9.1549652e-03  -5.2382614e-06
  -2.2144697e-01   8.2493731e-01  -1.2486784e+00   1.9160552e-02  -9.0888684e-03   2.8639904e-06
  -2.2664936e-01   8.2210165e-01  -1.2275604e+00   1.9577477e-02  -9.3330364e-03   3.0060817e-04
  -2.0935835e-01   7.7400466e-01  -1.2227552e+00   1.9495116e-02  -8.7895554e-03   3.4662979e-04
  -2.1608712e-01   7.8033809e-01  -1.2560446e+00   1.8925794e-02  -8.9329604e-03   4.1775630e-05
  -2.4170295e-01   8.5684899e-01  -1.3130877e+00   1.9578208e-02  -9.2059913e-03  -3.3090614e-04
  -2.2349600e-01   8.3438102e-01  -1.2581881e+00   1.9559501e-02  -9.1028503e-03   8.1673494e-05
  -2.0327563e-01   8.4665148e-01  -1.2844410e+00   1.9680500e-02  -8.6906320e-03   3.1236730e-04
  -2.3098055e-01   8.3516221e-01  -1.2529224e+00   1.8466165e-02  -8.9629284e-03  -1.9251182e-05
  -2.2503356e-01   8.0763850e-01  -1.2496745e+00   1.8496366e-02  -8.8009890e-03   2.2731345e-05
  -2.3988170e-01   8.2219488e-01  -1.2519072e+00   1.8686221e-02  -9.1441850e-03   2.4948699e-04
  -2.0418780e-01   8.3784902e-01  -1.3040145e+00   1.9164422e-02  -8.7599584e-03   4.0171031e-04
  -1.5803283e-01   7.9558504e-01  -1.2961478e+00   1.7890756e-02  -8.3848984e-03   3.0293846e-04
  -1.6087695e-01   8.5333348e-01  -1.2670536e+00   1.9234565e-02  -8.8142342e-03   6.0478442e-04
  -1.9230671e-01   9.0079606e-01  -1.3199211e+00   2.0257961e-02  -8.9183984e-03   6.2054824e-04
  -1.4775992e-01   8.9178705e-01  -1.2572731e+00   2.0486808e-02  -8.8572284e-03   1.2878322e-03
  -1.1625344e-01   8.1475291e-01  -1.1929213e+00   1.8530294e-02  -8.7376804e-03   1.4724831e-03
  -9.5282480e-02   7.8441494e-01  -1.2093727e+00   1.7050669e-02  -9.1881552e-03   1.5523884e-03
  -9.3352731e-02   8.4201672e-01  -1.2131378e+00   1.9717874e-02  -9.3302393e-03   2.0522474e-03
  -1.0580767e-01   8.7947441e-01  -1.2442846e+00   2.0490276e-02  -9.0821568e-03   1.8384114e-03
  -1.0624492e-01   8.3249757e-01  -1.2774728e+00   1.8718618e-02  -9.2802019e-03   1.3119009e-03
  -1.2358198e-01   8.4776019e-01  -1.2811230e+00   1.9623786e-02  -9.3802795e-03   1.4611310e-03
  -1.2491730e-01   8.9154189e-01  -1.2651646e+00   2.1207874e-02  -9.3345546e-03   1.6482216e-03
  -1.1588188e-01   8.8260831e-01  -1.2475375e+00   2.1271264e-02  -9.0287231e-03   2.2217555e-03
  -1.1915368e-01   8.5544743e-01  -1.2855568e+00   2.0849772e-02  -9.1936223e-03   2.1124924e-03
  -1.2286706e-01   8.4896234e-01  -1.2808529e+00   1.9901372e-02  -8.7199937e-03   1.7432999e-03
  -1.2468371e-01   8.5433304e-01  -1.2698400e+00   2.0411880e-02  -9.1124192e-03   1.9252337e-03
  -1.3108530e-01   8.9217976e-01  -1.2900607e+00   2.1611935e-02  -9.1696359e-03   2.0487426e-03
  -1.4071470e-01   9.0094350e-01  -1.3890947e+00   2.1615019e-02  -8.9058887e-03   1.6359118e-03
  -1.3989332e-01   8.3251882e-01  -1.2736894e+00   1.9638414e-02  -8.4367909e-03   9.2327264e-04
  -1.0857697e-01   9.0419116e-01  -1.3362261e+00   2.0641628e-02  -8.7302286e-03   1.4725391e-03
  -1.1618793e-01   8.0485188e-01  -1.2360512e+00   2.0654829e-02  -8.6337130e-03   1.6713566e-03
  -1.0368699e-01   8.2412879e-01  -1.2404948e+00   2.0689447e-02  -8.2903775e-03   1.5581331e-03
  -1.0184099e-01   8.8051480e-01  -1.3828886e+00   2.0790840e-02  -8.9136850e-03   1.7486631e-03
  -1.0997171e-01   8.8292841e-01  -1.3856096e+00   2.1082746e-02  -8.5312615e-03   1.5228804e-03
  -1.2730717e-01   9.5286186e-01  -1.4548545e+00   2.1853414e-02  -8.8989832e-03   1.1763353e-03
  -1.0727742e-01   9.8179619e-01  -1.5001678e+00   2.2843085e-02  -8.7203301e-03   1.7749384e-03
  -1.2058143e-01   9.2032586e-01  -1.4231441e+00   2.1198006e-02  -8.5684868e-03   1.4746816e-03
  -1.4410088e-01   9.2999058e-01  -1.4376812e+00   2.1047740e-02  -8.8066113e-03   1.2826097e-03
  -1.8081576e-01   9.3115613e-01  -1.4677039e+00   2.1764969e-02  -8.8211068e-03   1.1548689e-03
  -1.6383885e-01   9.7325906e-01  -1.5039454e+00   2.2077610e-02  -8.5024656e-03   1.1889005e-03
  -1.4865966e-01   9.6227618e-01  -1.4932970e+00   2.1357740e-02  -8.5519233e-03   8.3178638e-04
  -1.8422298e-01   9.8688518e-01  -1.4886764e+00   2.2107500e-02  -8.6107156e-03   7.0674176e-04
  -1.8862073e-01   9.8636269e-01  -1.4857406e+00   2.2014066e-02  -8.6342133e-03   5.6017786e-04
  -1.6810330e-01   9.7022919e-01  -1.4694825e+00   2.2259451e-02  -8.5973092e-03   1.0442528e-03
  -1.9179909e-01   9.6096619e-01  -1.5228755e+00   2.1879123e-02  -8.1031514e-03   2.7469103e-04
  -1.8837857e-01   9.6762239e-01  -1.5356194e+00   2.2268724e-02  -8.1849392e-03   4.3609221e-04
  -2.0053080e-01   9.9415855e-01  -1.5527205e+00   2.3176812e-02  -8.3624573e-03   4.2564678e-04
  -2.1051360e-01   1.0084077e+00  -1.5234027e+00   2.2891992e-02  -8.2354748e-03   5.1803891e-04
  -1.7344742e-01   9.1677612e-01  -1.4576829e+00   2.0929556e-02  -7.9256803e-03   7.0095920e-04
  -1.5979506e-01   8.8220032e-01  -1.4761819e+00   2.0953866e-02  -7.3064186e-03   6.4705462e-04
  -1.6019999e-01   9.3605803e-01  -1.5128413e+00   2.1953850e-02  -7.5127916e-03   5.9709991e-04
  -1.9345852e-01   9.3313823e-01  -1.5012472e+00   2.2691976e-02  -7.8852470e-03   5.0922018e-04
  -1.8099635e-01   9.2230173e-01  -1.5496835e+00   2.1783504e-02  -7.5305227e-03   2.7586629e-04
  -1.7922984e-01   8.7638578e-01  -1.4918650e+00   2.0349830e-02  -7.5159363e-03   3.5284283e-04
  -1.7463111e-01   8.8911397e-01  -1.4734529e+00   2.0938820e-02  -7.5459932e-03   4.2264088e-04
  -1.5589798e-01   9.1060460e-01  -1.4776561e+00   2.1938384e-02  -7.8684257e-03   9.6307093e-04
  -1.5152951e-01   9.1581371e-01  -1.4780562e+00   2.1568500e-02  -7.7896339e-03   1.0357335e-03
  -1.4351342e-01   8.7843620e-01  -1.4432346e+00   2.0272628e-02  -7.7674800e-03   9.4945183e-04
  -1.3505723e-01   9.0465065e-01  -1.4813831e+00   2.1204756e-02  -7.7397101e-03   9.7795049e-04
  -1.2605191e-01   9.0311005e-01  -1.4615220e+00   2.1014215e-02  -7.6980346e-03   1.2428345e-03
  -1.0708411e-01   9.5701835e-01  -1.5305604e+00   2.1597485e-02  -7.3077082e-03   1.4340660e-03
  -1.2149484e-01   9.1252765e-01  -1.5465716e+00   2.0989828e-02  -6.7594803e-03   8.0202138e-04
  -1.1065610e-01   9.2295922e-01  -1.5399918e+00   2.0725376e-02  -6.8263670e-03   8.0762922e-04
  -1.1662675e-01   9.3233656e-01  -1.5573621e+00   2.1392476e-02  -7.2191547e-03   9.4880958e-04
  -9.7918320e-02   9.6848245e-01  -1.5914619e+00   2.1473561e-02  -6.9252025e-03   1.1279394e-03
  -7.1455921e-02   9.1685290e-01  -1.5686671e+00   2.0212440e-02  -6.5380803e-03   9.8314917e-04
  -7.6399074e-02   9.2409809e-01  -1.5300332e+00   1.9556121e-02  -6.7487289e-03   1.0712055e-03
  -8.0987580e-02   9.6989712e-01  -1.5488307e+00   2.0382944e-02  -6.7273816e-03   7.7216893e-04
  -6.4584679e-02   9.9156164e-01  -1.5368609e+00   2.0876267e-02  -6.5563738e-03   1.3076031e-03
  -4.3314308e-02   9.4948083e-01  -1.5436833e+00   1.9951608e-02  -6.4144773e-03   1.6399286e-03
  -5.0551054e-02   9.6713512e-01  -1.5283790e+00   2.0379297e-02  -6.6071156e-03   1.7408011e-03
  -3.5794233e-02   9.8550216e-01  -1.5402246e+00   2.0689087e-02  -6.6393375e-03   1.8471396e-03
  -3.2641203e-02   9.9440766e-01  -1.5571187e+00   2.0712950e-02  -6.6982810e-03   1.8692372e-03
   1.6246371e-02   9.8055860e-01  -1.5129252e+00   2.0202036e-02  -6.1491866e-03   2.5215219e-03
  -1.6075912e-03   9.7500428e-01  -1.4729009e+00   1.9701713e-02  -6.0885503e-03   2.2426267e-03
   1.2702428e-02   9.7380889e-01  -1.4586523e+00   1.9889802e-02  -5.7148075e-03   2.5569777e-03
   1.4886906e-02   9.5368155e-01  -1.4210625e+00   1.9657235e-02  -5.9010132e-03   2.7648043e-03
   1.1177392e-02   9.5182599e-01  -1.4733974e+00   1.9570896e-02  -5.8193392e-03   2.6839235e-03
   9.6205317e-03   9.6639290e-01  -1.4818905e+00   1.9180980e-02  -5.8808484e-03   2.4627957e-03
   1.3258483e-02   9.7567877e-01  -1.4806551e+00   1.8831213e-02  -6.3729197e-03   2.6446026e-03
   1.0743660e-02   9.7663097e-01  -1.4621674e+00   1.8904547e-02  -6.5560220e-03   2.6657076e-03
   2.4027801e-02   9.7330537e-01  -1.5119327e+00   1.9431849e-02  -6.2271845e-03   2.7145666e-03
   4.3884307e-02   9.3083390e-01  -1.4926982e+00   1.8961747e-02  -6.0583860e-03   3.0278583e-03
   3.7920729e-02   9.5836440e-01  -1.4907202e+00   1.8960787e-02  -5.9537435e-03   2.9044215e-03
   1.8744834e-02   9.8851632e-01  -1.4853935e+00   1.9435315e-02  -6.4575237e-03   2.6156017e-03
   1.6108024e-02   9.6521681e-01  -1.4681188e+00   1.9222793e-02  -6.2285670e-03   2.5815931e-03
   1.9915040e-02   9.4352046e-01  -1.4686483e+00   1.8796903e-02  -6.2558753e-03   2.7825115e-03
   4.0158338e-02   9.5712368e-01  -1.4649655e+00   1.8971355e-02  -5.9814025e-03   2.8173147e-03
   3.8407661e-02   9.9465609e-01  -1.4950413e+00   1.9737446e-02  -6.0421760e-03   2.8497815e-03
   4.3697305e-02   1.0039072e+00  -1.4929951e+00   1.9479677e-02  -5.8139534e-03   3.0545388e-03
   1.7538897e-02   9.5957541e-01  -1.4891735e+00   1.8837194e-02  -6.2134649e-03   2.6630100e-03
   2.0547113e-02   9.9624677e-01  -1.4904529e+00   1.9462067e-02  -6.4120222e-03   2.7589970e-03
  -2.6329213e-04   1.0128040e+00  -1.4683110e+00   2.0074831e-02  -6.6322909e-03   2.4568343e-03
  -4.4436552e-03   9.9683524e-01  -1.4724820e+00   2.0108167e-02  -6.6643143e-03   2.5680900e-03
   1.2044294e-03   9.9967443e-01  -1.4804380e+00   2.0297583e-02  -6.9862732e-03   2.7805901e-03
   1.9396962e-02   9.8929790e-01  -1.4727250e+00   1.9423554e-02  -6.9553949e-03   2.7436426e-03
   6.9128622e-03   9.9041884e-01  -1.4731476e+00   1.9586588e-02  -7.2333086e-03   2.7800601e-03
   2.2113994e-03   1.0039540e+00  -1.4776870e+00   2.0348065e-02  -7.1386702e-03   2.8398387e-03
   2.2862896e-02   9.4424113e-01  -1.4663078e+00   1.9398623e-02  -6.5670670e-03   2.5456444e-03
   3.5880548e-02   9.4319824e-01  -1.4474823e+00   1.9353523e-02  -6.7748171e-03   2.8305389e-03
   2.0963334e-02   9.8333980e-01  -1.4730087e+00   2.0097692e-02  -6.8570832e-03   2.5383035e-03
   3.2342742e-02   9.4266496e-01  -1.4649527e+00   2.0278614e-02  -7.0606576e-03   2.7688605e-03
   3.3155310e-02   9.1403806e-01  -1.4744578e+00   2.0269454e-02  -7.1105529e-03   2.8658515e-03
   6.6594652e-02   9.3481106e-01  -1.4760494e+00   1.9895584e-02  -6.5276943e-03   3.3101857e-03
   4.4052317e-02   9.3215014e-01  -1.4637907e+00   2.0091131e-02  -6.7826055e-03   3.1075585e-03
   4.6756794e-02   9.5589877e-01  -1.4710327e+00   2.0842053e-02  -6.8810070e-03   3.2555687e-03
   3.8191854e-02   9.5697251e-01  -1.4754395e+00   1.9942905e-02  -7.4102207e-03   3.3281071e-03
   2.5495712e-02   9.7483079e-01  -1.4721598e+00   1.9637306e-02  -7.3649119e-03   2.7529827e-03
   4.1722379e-02   1.0072447e+00  -1.4311557e+00   2.0521479e-02  -7.2591223e-03   3.2112488e-03
   2.8576458e-02   9.9833976e-01  -1.4258264e+00   2.0894486e-02  -7.6001681e-03   3.3257596e-03
   3.1297453e-02   9.7961944e-01  -1.4156566e+00   2.0676496e-02  -7.4640900e-03   3.3253842e-03
   5.1693364e-02   9.5558465e-01  -1.3819975e+00   1.9895759e-02  -7.1360828e-03   3.6254114e-03
   5.5102177e-02   9.9502135e-01  -1.4207412e+00   2.0422980e-02  -7.3873172e-03   3.6900938e-03
   5.3335707e-02   9.9755060e-01  -1.4282388e+00   2.1351699e-02  -7.5460032e-03   3.7713379e-03
   6.0257382e-02   1.0130111e+00  -1.4842897e+00   2.2054448e-02  -7.3495220e-03   3.6857615e-03
   9.8067257e-02   9.8779936e-01  -1.4367772e+00   2.1072316e-02  -6.7200507e-03   4.1181020e-03
   8.9891217e-02   1.0096616e+00  -1.4084885e+00   2.1748138e-02  -7.2128855e-03   4.2540732e-03
   1.0761219e-01   9.6090616e-01  -1.3774857e+00   2.1994055e-02  -7.3502152e-03   4.5715493e-03
   9.0880343e-02   9.7810381e-01  -1.4468525e+00   2.2051269e-02  -7.2565774e-03   4.3031890e-03
   1.1063741e-01   9.3453604e-01  -1.4587718e+00   2.1384799e-02  -6.7985655e-03   4.2382517e-03
   7.3523100e-02   9.7904671e-01  -1.5044876e+00   2.1140087e-02  -7.2614132e-03   3.5903791e-03
  -4.8217803e-02   1.0420510e+00  -1.7623530e+00   2.1755993e-02  -8.0523548e-03   1.2064999e-03
  -4.3382183e-02   1.0502536e+00  -1.7303084e+00   2.4008345e-02  -8.0094124e-03   1.2566196e-03
  -8.8893470e-03   9.9197026e-01  -1.5971005e+00   2.2716420e-02  -7.5181462e-03   1.6904869e-03
   5.0483719e-03   9.7937256e-01  -1.5289125e+00   2.2105964e-02  -7.7108386e-03   1.7687789e-03
   1.8223196e-02   8.6887501e-01  -1.4217835e+00   2.1669389e-02  -7.4556713e-03   2.1166367e-03
   4.8288383e-02   9.7605848e-01  -1.4924443e+00   2.2619753e-02  -7.3125811e-03   2.5956581e-03
   5.7749763e-02   1.0028306e+00  -1.5090853e+00   2.2445004e-02  -7.2680755e-03   2.8608794e-03
   6.0530987e-02   9.9784203e-01  -1.4877124e+00   2.2438353e-02  -7.4375995e-03   2.8250903e-03
   2.1816455e-02   1.0043046e+00  -1.4564300e+00   2.2994777e-02  -7.5767285e-03   2.5790449e-03
   3.6349605e-03   9.8510227e-01  -1.4043291e+00   2.2705158e-02  -7.7278370e-03   2.7245338e-03
   1.0053672e-02   9.6588641e-01  -1.4258549e+00   2.1851664e-02  -7.6979133e-03   3.0445495e-03
  -1.3869905e-02   9.4959318e-01  -1.4248421e+00   2.1306306e-02  -7.1908361e-03   2.2555163e-03
  -3.7989592e-02   9.5413254e-01  -1.4591077e+00   2.1591606e-02  -7.0300109e-03   1.8716634e-03
  -4.0627658e-02   1.0199498e+00  -1.5067668e+00   2.4061949e-02  -7.2756382e-03   1.9556590e-03
   1.6869319e-02   1.0126946e+00  -1.4406011e+00   2.3380544e-02  -7.0996756e-03   2.8325658e-03
   2.0251869e-02   9.5424350e-01  -1.3535946e+00   2.1708845e-02  -6.8287848e-03   2.8909749e-03
   1.4827009e-02   9.7166971e-01  -1.3770255e+00   2.2069098e-02  -6.5341362e-03   2.6024375e-03
   1.3485929e-02   9.8692394e-01  -1.3826024e+00   2.2154144e-02  -6.4984468e-03   2.4586936e-03
   8.7661980e-03   9.5625420e-01  -1.3853055e+00   2.2922456e-02  -6.4659142e-03   2.2549061e-03
   1.9877021e-02   9.2917457e-01  -1.3855705e+00   2.2676702e-02  -6.4027714e-03   2.5326774e-03
   1.2052829e-02   9.4536127e-01  -1.3638449e+00   2.2325782e-02  -6.4986467e-03   2.4760571e-03
   5.5363579e-03   9.4402545e-01  -1.3654588e+00   2.2948559e-02  -6.3074498e-03   2.3829116e-03
   3.3985615e-02   9.7206633e-01  -1.3705446e+00   2.3465976e-02  -6.4892640e-03   3.2060133e-03
   3.6273091e-02   9.3833719e-01  -1.3503566e+00   2.1802252e-02  -6.0430735e-03   2.2887364e-03
   3.2725158e-02   9.6643496e-01  -1.3501571e+00   2.2232337e-02  -6.0285259e-03   2.0069260e-03
   2.7414244e-02   9.4983496e-01  -1.3333225e+00   2.2913497e-02  -6.1079088e-03   2.4931325e-03
   2.6176521e-02   9.7979125e-01  -1.3825915e+00   2.3593461e-02  -6.0869176e-03   2.7482806e-03
   4.6880148e-02   9.3120478e-01  -1.3409456e+00   2.2398828e-02  -6.2359579e-03   2.9417008e-03
   5.0755555e-02   9.9250065e-01  -1.4508420e+00   2.3015816e-02  -6.3629264e-03   2.7324780e-03
   4.6031880e-02   9.5594689e-01  -1.3722734e+00   2.3152710e-02  -6.2588795e-03   2.7498089e-03
   5.9269455e-02   9.7891022e-01  -1.4000693e+00   2.3766182e-02  -6.1214277e-03   3.1181190e-03
   1.0851011e-01   9.4990589e-01  -1.3457253e+00   2.2867069e-02  -5.6210042e-03   3.8553335e-03
   7.1209421e-02   9.4440981e-01  -1.3408995e+00   2.2515302e-02  -5.5894670e-03   3.2259243e-03
   9.2963851e-02   9.0772556e-01  -1.2693210e+00   2.2016077e-02  -5.2536946e-03   3.6281013e-03
   1.2037529e-01   8.6547477e-01  -1.1585789e+00   2.0360510e-02  -4.1625770e-03   3.7405422e-03
   1.0938387e-01   9.0182616e-01  -1.1826151e+00   2.1120488e-02  -3.8509202e-03   3.4542751e-03
   9.6224088e-02   9.3457872e-01  -1.2057257e+00   2.1569868e-02  -3.9555588e-03   3.1403286e-03
   9.5595602e-02   9.5465139e-01  -1.1816163e+00   2.1841143e-02  -3.9597263e-03   3.3043679e-03
   8.8556493e-02   9.5568536e-01  -1.1840462e+00   2.2142495e-02  -3.9723077e-03   3.2540587e-03
   9.5449332e-02   9.5994635e-01  -1.1444165e+00   2.2114518e-02  -4.3118243e-03   3.2918226e-03
   8.6908476e-02   9.7640639e-01  -1.1661250e+00   2.2339919e-02  -4.1863647e-03   3.1260046e-03
   7.4696187e-02   9.8532574e-01  -1.1462627e+00   2.2108273e-02  -4.1503039e-03   3.0385885e-03
   8.2647516e-02   9.8088504e-01  -1.2459564e+00   2.3241791e-02  -4.0725994e-03   3.0167004e-03
   1.7177330e-01   8.7809245e-01  -1.2348623e+00   2.2523706e-02  -3.2325390e-03   4.1217519e-03
   1.6475560e-01   8.3540326e-01  -1.1478395e+00   2.0512910e-02  -3.2169796e-03   3.9298352e-03
   1.6082254e-01   8.9578477e-01  -1.1542689e+00   2.2826845e-02  -3.2422518e-03   4.1806228e-03
   1.3210561e-01   8.9189872e-01  -1.1778029e+00   2.2962013e-02  -3.6848241e-03   3.8944363e-03
