  -1.4210855e-14   0.0000000e+00   0.0000000e+00   0.0000000e+00   0.0000000e+00   0.0000000e+00
   2.8169781e-03  -2.5368724e-02   3.8237812e-02  -5.5152048e-04   6.4632778e-05  -1.3287854e-04
  -2.9230180e-02  -2.6512127e-02   1.0525644e-01  -9.2558656e-04   3.8620230e-04  -1.0215835e-03
  -2.7575834e-02  -8.7547001e-02   1.2528102e-01  -2.9464125e-03   4.0535872e-04  -8.6594511e-04
  -4.0707619e-02  -5.2806758e-02   8.6815558e-02  -2.4886895e-03   5.1123293e-04  -1.5129433e-03
  -6.1089456e-02  -1.4598709e-02   9.9482965e-02  -1.4641113e-03   2.8371895e-04  -1.8933841e-03
  -6.6527092e-02  -2.2236300e-02   1.1810644e-01  -1.7570228e-03   6.4478644e-04  -2.2889538e-03
  -9.3420528e-02  -9.6686623e-02   1.6207369e-01  -3.1980730e-03   6.3940528e-04  -2.9839033e-03
  -7.1665809e-02  -7.7509823e-02   1.3995614e-01  -3.0027507e-03   8.6297984e-04  -2.5374085e-03
  -9.0988722e-02  -6.7723332e-02   2.0052187e-01  -2.9086112e-03   1.0098285e-03  -3.0172355e-03
  -6.1436483e-02  -3.5217578e-02   1.6960434e-01  -2.2870529e-03   1.3401394e-03  -2.7368141e-03
  -1.1664123e-01  -1.1902323e-01   2.5428775e-01  -4.4739827e-03   5.3564913e-04  -3.4558744e-03
  -3.7495563e-02   9.1643776e-02  -1.2669464e-01   5.0897965e-04   2.5906908e-03  -3.1174594e-03
  -2.5256770e-02   7.7285209e-02   5.6593024e-02  -6.4746631e-04   1.8868497e-03  -3.6020971e-03
  -3.2084288e-02   1.9868504e-02   1.1443970e-01  -2.4948002e-03   1.3545259e-03  -3.6249278e-03
  -3.0129577e-02  -1.6512537e-03   1.1775734e-01  -2.6535141e-03   2.0071023e-03  -4.0589680e-03
  -2.7102504e-02  -6.2378098e-02   1.2365907e-01  -3.9612251e-03   1.5620481e-03  -3.4060350e-03
  -1.9315749e-02  -2.2126907e-02   9.7413154e-02  -2.8873615e-03   2.0881098e-03  -3.2057290e-03
  -4.2312354e-02  -2.9904712e-02   1.1905840e-01  -3.2474379e-03   1.6176527e-03  -3.6409980e-03
  -7.7109605e-02  -8.4075586e-03   1.1617607e-01  -2.7056773e-03   1.6068832e-03  -4.1905257e-03
  -9.0199962e-02  -5.9899074e-02   1.7400589e-01  -3.9326913e-03   1.1086910e-03  -4.6769789e-03
  -9.0293912e-02  -3.2762528e-02   1.4956567e-01  -3.1659563e-03   9.5685172e-04  -4.5425608e-03
  -1.0596476e-01  -2.1632873e-02   1.2394261e-01  -2.7041728e-03   8.3430974e-04  -4.2451001e-03
  -1.0607406e-01  -2.3486723e-02   1.1530365e-01  -2.7189586e-03   8.5985128e-04  -4.6502687e-03
  -1.1955789e-01  -4.1405512e-02   1.0903561e-01  -3.5124804e-03   5.5214885e-04  -4.5992260e-03
  -1.2775183e-01  -2.6200145e-02   1.4880570e-01  -3.1524945e-03   5.1428567e-04  -4.7875013e-03
  -1.3374366e-01  -3.7972066e-02   1.7901809e-01  -3.9266356e-03   5.1961676e-04  -5.1821851e-03
  -1.3428781e-01  -4.1684825e-02   2.0894573e-01  -3.5468818e-03   7.0216626e-04  -5.2283478e-03
  -1.6072371e-01  -6.9056513e-02   1.7497325e-01  -4.4141384e-03   2.7487646e-04  -5.5604893e-03
  -1.6474244e-01  -4.4895171e-02   1.6619553e-01  -4.1560257e-03   1.8236036e-04  -5.3214304e-03
  -1.6603844e-01  -3.7807917e-02   1.9364858e-01  -4.0564651e-03   3.2006047e-04  -5.5751626e-03
  -1.5243632e-01  -3.0849163e-02   1.8916280e-01  -3.5372314e-03   2.1349625e-04  -5.2092528e-03
  -1.5228306e-01  -5.3028629e-02   2.2468849e-01  -4.4762434e-03   3.0279877e-04  -5.6095139e-03
  -1.2196174e-01  -5.2637930e-02   1.7881744e-01  -4.4603436e-03   2.7428414e-04  -5.1290738e-03
  -1.2835040e-01  -2.3675176e-02   1.3633201e-01  -3.5551050e-03   1.7981156e-04  -5.2641818e-03
  -9.4779764e-02  -3.0922185e-02   1.5758355e-01  -3.4632572e-03   5.0125266e-04  -4.9842692e-03
  -1.2729612e-01  -5.1156715e-02   1.4208456e-01  -3.7828219e-03   5.9324870e-04  -5.5150577e-03
  -1.3912320e-01  -6.4878017e-02   9.7697008e-02  -3.7862278e-03   2.9684385e-05  -5.0215485e-03
  -1.3165658e-01  -3.6336682e-02   7.2848711e-02  -3.1075662e-03   4.6264854e-04  -4.6621385e-03
  -1.4535877e-01  -4.8683573e-02   9.3716891e-02  -3.5333930e-03   4.3992366e-04  -5.0603309e-03
  -1.6149360e-01  -7.2350774e-02   1.2900533e-01  -4.1846679e-03   4.0193374e-04  -5.7845579e-03
  -1.4862909e-01  -1.4902797e-01   1.3683017e-01  -5.1835595e-03  -1.2139618e-04  -5.4532061e-03
  -1.5133998e-01  -1.3010979e-01   1.5012994e-01  -4.9907800e-03  -1.1793820e-04  -5.9689376e-03
  -1.8833568e-01  -1.2185006e-01   1.1994195e-01  -4.7303998e-03  -4.8207127e-04  -6.2422335e-03
  -1.9418780e-01  -1.0545139e-01   1.1161170e-01  -4.1642078e-03  -2.9943895e-04  -6.3523242e-03
  -1.9327004e-01  -1.6093146e-01   1.4579990e-01  -5.3598089e-03  -3.1194640e-04  -6.5105004e-03
  -1.9387697e-01  -1.2321283e-01   1.0823373e-01  -4.8331134e-03  -4.0597634e-04  -6.2455379e-03
  -1.8813193e-01  -1.0411280e-01   8.9413731e-02  -4.4838150e-03   1.3619889e-04  -6.2350838e-03
  -1.7879679e-01  -1.2088624e-01   9.5392463e-02  -4.3571050e-03   4.0210716e-04  -6.1645905e-03
  -2.0228210e-01  -1.7121171e-01   1.2333775e-01  -5.0239360e-03  -1.1131024e-04  -6.4651438e-03
  -1.9335408e-01  -1.6260890e-01   1.2624043e-01  -4.8445574e-03   1.0934840e-04  -6.3042024e-03
  -1.9199404e-01  -1.5968674e-01   1.5055321e-01  -4.1869878e-03   4.4755785e-04  -6.6177108e-03
  -1.8387842e-01  -1.9175810e-01   1.3377251e-01  -4.1404734e-03   5.8186505e-04  -6.7285084e-03
  -2.0933965e-01  -2.0613965e-01   9.5287030e-02  -4.6587754e-03  -1.9230190e-04  -6.6112318e-03
  -1.9646971e-01  -1.5682585e-01   6.4585541e-02  -3.7233304e-03   3.5257386e-04  -6.7054471e-03
  -1.9342124e-01  -1.6446355e-01   6.0159586e-02  -3.6018275e-03   6.4458829e-04  -6.8472102e-03
  -1.8328788e-01  -1.7858367e-01   7.6910826e-02  -3.5620928e-03   7.5045578e-04  -6.6864617e-03
  -2.2469110e-01  -2.1725559e-01   1.1425733e-01  -4.1659910e-03   4.1389146e-04  -7.7260943e-03
  -2.0918668e-01  -1.9798190e-01   8.4832631e-02  -4.2457942e-03   1.3077319e-04  -7.2889463e-03
  -1.7763372e-01  -1.7530359e-01   1.1089720e-01  -4.0647820e-03   8.9541443e-04  -7.2212170e-03
  -1.7309227e-01  -1.5862631e-01   1.1011676e-01  -3.9867182e-03   9.7496604e-04  -7.1896895e-03
  -1.9406300e-01  -1.8172206e-01   1.5727137e-01  -4.7628912e-03   7.9117782e-04  -7.6833139e-03
  -1.9090535e-01  -1.6644012e-01   1.1571679e-01  -4.5999032e-03   8.7081763e-04  -7.2310408e-03
  -1.8794832e-01  -1.4611616e-01   9.4993076e-02  -3.8917488e-03   1.1334546e-03  -7.3608294e-03
  -1.7226443e-01  -1.3874885e-01   1.0550280e-01  -3.7777416e-03   1.0828109e-03  -7.1775987e-03
  -1.7491593e-01  -1.6914739e-01   1.4296881e-01  -3.8811577e-03   1.2171723e-03  -7.3446261e-03
  -2.3122713e-01  -2.0887392e-01   1.4406305e-01  -4.9409500e-03   2.6669981e-04  -6.9320161e-03
  -2.3117309e-01  -1.4917173e-01   1.1866025e-01  -3.0306315e-03   3.0493174e-04  -7.2363500e-03
  -2.2497993e-01  -1.2294088e-01   9.5315195e-02  -3.0762468e-03   8.0866215e-04  -7.5520087e-03
  -2.4971520e-01  -1.7131621e-01   1.5620320e-01  -3.5673891e-03   3.5491792e-04  -8.0464327e-03
  -2.4799454e-01  -1.2118326e-01   3.0392326e-02  -2.7737904e-03   9.3003396e-04  -7.9663392e-03
  -2.0032741e-01  -5.0911736e-02   8.1065605e-02  -1.7464358e-03  -5.8299983e-04  -5.6667251e-03
  -2.3554526e-01  -9.3034507e-02   1.4104124e-01  -2.2127110e-03  -4.3237459e-04  -6.7603977e-03
  -2.5080022e-01  -5.4301195e-02   1.3882117e-01  -1.6623932e-03   5.1587977e-04  -7.5818575e-03
  -3.0229944e-01  -1.4894315e-01   2.0054431e-01  -3.5700633e-03  -3.6206060e-04  -8.2706206e-03
  -2.5864597e-01  -1.0847981e-01   1.8550718e-01  -2.8543521e-03   8.5392188e-04  -7.5564440e-03
  -2.4095781e-01  -1.1040145e-01   2.8214020e-01  -2.4459033e-03   9.2607445e-04  -7.6241378e-03
  -2.7730141e-01  -8.7769870e-02   2.4469565e-01  -1.9349203e-03   9.7090375e-04  -8.7569052e-03
  -2.8767837e-01  -1.9557932e-01   2.6023430e-01  -4.2157443e-03   4.1856176e-04  -9.2180558e-03
  -2.5402758e-01  -1.7056633e-01   1.9939453e-01  -3.5738455e-03   1.2742399e-03  -8.1038480e-03
  -2.3646025e-01  -1.4462168e-01   2.1209944e-01  -2.8115394e-03   1.7723317e-03  -7.7610466e-03
  -2.1689388e-01  -1.4475711e-01   2.1828759e-01  -2.2152876e-03   2.3255045e-03  -7.8440738e-03
  -2.7358597e-01  -2.4545522e-01   2.7573287e-01  -4.0712779e-03   9.4615696e-04  -8.6630441e-03
  -2.8310969e-01  -2.7696845e-01   2.9396661e-01  -4.3087858e-03   1.2153941e-03  -8.3733704e-03
  -2.4589464e-01  -2.4341873e-01   3.5160104e-01  -3.4741288e-03   1.9104788e-03  -8.3074769e-03
  -2.7440077e-01  -2.5648034e-01   3.4932993e-01  -3.5679772e-03   1.4481184e-03  -8.6196607e-03
  -2.8435265e-01  -2.7061835e-01   3.4686806e-01  -3.1581488e-03   1.3679738e-03  -9.0866857e-03
  -2.6750367e-01  -2.7855040e-01   3.1831954e-01  -3.4502924e-03   1.2476123e-03  -8.4597968e-03
  -2.7601748e-01  -2.6483113e-01   3.7932143e-01  -3.2107773e-03   1.6676964e-03  -8.7716079e-03
  -2.5158904e-01  -2.9407078e-01   3.3989456e-01  -3.3304086e-03   1.7213212e-03  -8.2035699e-03
  -2.6208476e-01  -3.3650226e-01   4.2547480e-01  -4.0535344e-03   1.7119785e-03  -8.6241334e-03
  -3.2440405e-01  -3.7209122e-01   3.8348616e-01  -5.3587922e-03   9.2463160e-04  -9.1016893e-03
  -2.8696783e-01  -2.7376424e-01   3.3952692e-01  -3.5344712e-03   9.9019147e-04  -9.0792473e-03
  -2.7936630e-01  -2.7791423e-01   4.3256350e-01  -3.6696128e-03   1.5887056e-03  -8.9244875e-03
  -3.0267438e-01  -3.2040374e-01   4.4479796e-01  -3.9731768e-03   1.4718760e-03  -9.5811916e-03
  -3.6415141e-01  -3.1421390e-01   3.5257959e-01  -4.1811001e-03   7.5585449e-05  -9.6765343e-03
  -3.3732465e-01  -2.8932537e-01   3.6589423e-01  -4.3068792e-03   1.8552196e-04  -9.5573110e-03
  -3.3478556e-01  -3.0647917e-01   4.4109831e-01  -4.7033742e-03   8.7862708e-04  -9.5943517e-03
  -3.2910971e-01  -2.9576823e-01   3.8903729e-01  -4.1010300e-03   7.2538204e-04  -9.8355573e-03
  -3.7002854e-01  -3.5643315e-01   3.9148152e-01  -5.7667034e-03   1.3259893e-04  -9.6737222e-03
  -3.6274551e-01  -2.9573087e-01   3.7203979e-01  -4.8628980e-03   2.2298138e-04  -9.3648736e-03
  -3.4346930e-01  -2.7517647e-01   3.5398149e-01  -4.0101604e-03   7.6271003e-04  -9.2017251e-03
  -3.6830733e-01  -2.7756821e-01   3.3657280e-01  -3.9052537e-03   7.7512652e-04  -9.6568559e-03
  -4.2658911e-01  -3.6696750e-01   3.3167297e-01  -6.0076457e-03  -7.4039849e-04  -9.9930307e-03
  -4.0147416e-01  -3.1156995e-01   2.8288020e-01  -4.6954605e-03  -7.2457260e-04  -9.3876876e-03
  -3.8529282e-01  -2.5864168e-01   2.7474884e-01  -3.4977407e-03   3.2183528e-04  -9.6576255e-03
  -3.7974730e-01  -2.5461429e-01   2.6458276e-01  -3.6716770e-03   2.7101423e-04  -9.4705119e-03
  -4.1850309e-01  -2.8031354e-01   2.4775893e-01  -4.1318135e-03  -4.1152459e-05  -1.0002476e-02
  -4.0814131e-01  -2.7488553e-01   2.0493259e-01  -3.4197805e-03   3.0611448e-05  -1.0308130e-02
  -3.8599596e-01  -2.4897218e-01   2.1250508e-01  -3.4159118e-03   8.8753587e-04  -1.0231748e-02
  -3.8618507e-01  -2.7052932e-01   1.9086736e-01  -2.4350090e-03   1.4928402e-03  -1.0102070e-02
  -4.6463599e-01  -3.1559527e-01   2.1623878e-01  -3.1758600e-03   1.4365327e-03  -1.1565551e-02
  -4.8122105e-01  -2.4843635e-01   1.3718899e-01  -3.6060792e-03  -2.6257134e-04  -1.0661269e-02
  -4.4735747e-01  -2.4142609e-01   1.7095592e-01  -3.1048064e-03   7.5699286e-04  -1.1258542e-02
  -4.5126711e-01  -2.3162727e-01   1.9737442e-01  -3.0055200e-03   7.8149266e-04  -1.1173146e-02
  -4.8000121e-01  -3.3032882e-01   2.8436393e-01  -3.8563374e-03   1.2417540e-04  -1.1448905e-02
  -5.0640325e-01  -3.7208147e-01   2.6215028e-01  -4.9878286e-03  -7.0577908e-05  -1.1434004e-02
  -4.7369357e-01  -3.1961605e-01   1.9882713e-01  -3.4986651e-03   7.5176747e-04  -1.1647143e-02
  -4.6336993e-01  -3.0646190e-01   1.4373111e-01  -3.1609799e-03   1.0373251e-03  -1.1314644e-02
  -4.5105786e-01  -3.9066725e-01   1.8214007e-01  -3.4611980e-03   1.0084973e-03  -1.1865839e-02
  -4.6381960e-01  -3.0277664e-01   5.2699166e-02  -2.7298835e-03   1.1594760e-03  -1.0802342e-02
  -4.3430421e-01  -1.9687998e-01  -5.7548718e-02  -3.0538069e-04   8.5148800e-04  -1.0702647e-02
  -4.2679342e-01  -2.9219078e-01   2.8928415e-02  -1.2715138e-03   9.4770437e-04  -1.1433615e-02
  -4.4288160e-01  -2.6240840e-01  -7.6220429e-02  -8.5763565e-04   1.3871115e-03  -1.1134666e-02
  -4.6172049e-01  -3.5991311e-01   1.5494321e-02  -2.4086290e-03   1.2314320e-03  -1.1539162e-02
  -4.4523893e-01  -3.2627123e-01  -1.6025811e-02  -1.8784340e-03   1.7388886e-03  -1.1588975e-02
  -4.2948818e-01  -3.5009624e-01   7.7483768e-03  -1.9728065e-03   2.0230481e-03  -1.1912147e-02
  -4.4981828e-01  -3.0555077e-01   2.5999355e-02  -1.8839101e-03   1.6921995e-03  -1.2320720e-02
  -4.6280281e-01  -3.1753909e-01   7.5366681e-02  -2.0733616e-03   1.3654912e-03  -1.2446894e-02
  -4.3755262e-01  -2.6807951e-01  -2.8017023e-02  -7.3511028e-04   1.7748885e-03  -1.2023835e-02
  -4.5101056e-01  -2.5618222e-01  -3.0211954e-02  -4.5749195e-04   2.0327812e-03  -1.2529264e-02
  -4.5793346e-01  -2.7678184e-01  -1.3796645e-02  -6.8968030e-04   2.0248423e-03  -1.2466124e-02
  -5.1685878e-01  -3.5584427e-01   2.2610874e-02  -1.7756839e-03   1.6036207e-03  -1.3304783e-02
  -5.0696446e-01  -3.3928092e-01  -5.4369188e-02  -1.2426294e-03   1.2722990e-03  -1.2860544e-02
  -4.9530760e-01  -3.3203331e-01  -1.4178764e-02  -1.3467790e-03   1.8590552e-03  -1.3061173e-02
  -5.0016266e-01  -3.4465473e-01  -4.6713113e-02  -1.0703669e-03   1.3949387e-03  -1.3011456e-02
  -5.4859095e-01  -4.1039720e-01   5.1203183e-02  -2.0895710e-03   7.7107269e-04  -1.3643061e-02
  -5.8882269e-01  -3.8250512e-01   6.1323477e-03  -2.5403805e-03  -5.8879868e-05  -1.3315148e-02
  -5.8543884e-01  -3.2292206e-01  -5.8588987e-02  -1.4252745e-03   2.7319372e-04  -1.3707321e-02
  -5.6059969e-01  -3.4525817e-01  -1.5527167e-02  -1.5218946e-03   6.3192944e-04  -1.3459691e-02
  -5.5794423e-01  -3.5548215e-01   9.0196465e-04  -1.9220903e-03   7.5100294e-04  -1.3599837e-02
  -5.6247668e-01  -3.8541705e-01   6.7284625e-02  -2.9620990e-03   5.5024903e-04  -1.3507371e-02
  -5.4104773e-01  -3.0297307e-01  -8.8742003e-04  -1.1164022e-03   8.7072666e-04  -1.3510714e-02
  -5.3229102e-01  -3.1496958e-01   7.1504461e-03  -1.2954610e-03   9.9517490e-04  -1.3575967e-02
  -5.6074728e-01  -3.2699594e-01   4.2412068e-02  -1.5135023e-03   4.6098410e-04  -1.4196550e-02
  -5.4978114e-01  -3.3244801e-01  -4.3174906e-03  -1.9543428e-03   1.1787619e-03  -1.3857070e-02
  -5.1714934e-01  -2.7369334e-01  -2.9365447e-02  -1.2270591e-03   1.5254977e-03  -1.3846650e-02
  -5.2039341e-01  -2.9378004e-01  -2.2428463e-02  -1.3502181e-03   2.2423953e-03  -1.3560283e-02
  -5.4249098e-01  -3.2118968e-01  -3.8598530e-03  -1.0392996e-03   2.3065515e-03  -1.3843835e-02
  -6.1119059e-01  -3.6807703e-01   1.0631423e-01  -3.1131752e-03   5.7477198e-04  -1.4291921e-02
  -5.9123207e-01  -3.0653867e-01   4.9470039e-02  -2.1553550e-03   8.0472810e-04  -1.4310059e-02
  -5.6775374e-01  -3.0822717e-01   6.7437411e-02  -1.5083956e-03   1.4790493e-03  -1.4445063e-02
  -5.6165282e-01  -3.0752538e-01   3.7629289e-02  -1.7852251e-03   1.1671738e-03  -1.4229350e-02
  -5.7106227e-01  -3.5848315e-01   7.3041605e-02  -2.3259799e-03   7.0785024e-04  -1.4066780e-02
  -5.4910365e-01  -3.6464516e-01   7.0411644e-02  -2.3392292e-03   7.7791995e-04  -1.4006883e-02
  -5.4497366e-01  -3.6703121e-01   7.9492495e-02  -2.1949215e-03   9.7934440e-04  -1.4006066e-02
  -5.5800919e-01  -3.5163417e-01   5.2600472e-02  -1.8720950e-03   1.1991984e-03  -1.4286227e-02
  -5.6211739e-01  -3.8299178e-01   5.2022254e-02  -2.3406758e-03   8.9718503e-04  -1.4226896e-02
  -5.9638016e-01  -3.8108364e-01  -1.4155240e-02  -2.0625320e-03   1.4489624e-04  -1.4737870e-02
  -5.6623425e-01  -3.9330569e-01   5.1128665e-02  -1.6871630e-03   7.7652084e-04  -1.4541835e-02
  -5.7762578e-01  -4.2877504e-01   1.0352446e-01  -1.0954419e-03   9.7635151e-04  -1.4963523e-02
  -6.2317584e-01  -3.4255984e-01  -9.8892462e-03  -6.0260079e-04   1.1171675e-03  -1.5754335e-02
  -6.1974536e-01  -3.3907377e-01   2.3369683e-02  -9.3799643e-04   8.8068219e-04  -1.4673889e-02
  -5.7889420e-01  -3.0949755e-01  -8.3965089e-03  -1.9633393e-04   1.7590705e-03  -1.4471598e-02
  -5.6826596e-01  -3.5315053e-01   3.4594169e-02  -6.6427822e-04   1.8155169e-03  -1.4179320e-02
  -5.6453507e-01  -3.9488131e-01   2.7399738e-02  -8.2955008e-04   2.5121120e-03  -1.4333690e-02
  -5.4747001e-01  -4.3258003e-01   3.6972210e-02  -1.5781435e-03   2.5172298e-03  -1.4286486e-02
  -5.5001533e-01  -3.9574512e-01  -1.4536721e-02  -8.9719845e-04   2.3179896e-03  -1.4499466e-02
  -5.3868195e-01  -4.2490247e-01   3.2426401e-02  -1.2035790e-03   2.3627012e-03  -1.4294398e-02
  -5.5716028e-01  -4.4792666e-01  -3.6400798e-03  -1.1431962e-03   2.6634155e-03  -1.4896721e-02
  -6.0232424e-01  -4.9383990e-01   4.3851375e-02  -2.2913996e-03   1.6399126e-03  -1.5163627e-02
  -5.9343181e-01  -4.2848690e-01  -6.3460203e-02  -9.5667011e-04   1.5420375e-03  -1.5022990e-02
  -5.8271246e-01  -4.1315592e-01  -6.0793376e-02  -5.4790809e-04   1.8055005e-03  -1.4853248e-02
  -6.0319844e-01  -4.2053730e-01  -4.6252070e-02  -6.7652385e-04   1.9314348e-03  -1.5186296e-02
  -6.2374326e-01  -4.6867194e-01   9.3194297e-03  -1.4977118e-03   1.6895777e-03  -1.5561487e-02
  -5.9881905e-01  -4.2246620e-01  -2.3233975e-02  -1.1897288e-03   1.8190880e-03  -1.5358380e-02
  -5.8397356e-01  -4.2010680e-01   2.2249246e-02  -1.2637695e-03   2.2976514e-03  -1.5195593e-02
  -5.8625289e-01  -3.4764138e-01  -8.1515549e-02  -2.7353350e-04   2.6198652e-03  -1.5104475e-02
  -5.9770940e-01  -3.7036487e-01  -4.7976550e-02  -7.6948870e-04   2.2421989e-03  -1.5212238e-02
  -5.7099696e-01  -3.5027377e-01  -5.6457418e-02  -7.4053138e-04   2.4639085e-03  -1.5020051e-02
  -5.7671217e-01  -3.4543146e-01  -4.1087672e-02  -7.4417481e-04   2.2919711e-03  -1.5072652e-02
  -5.7370489e-01  -3.5027224e-01  -7.2922727e-02  -7.4187808e-04   2.1907530e-03  -1.4951663e-02
  -5.8844355e-01  -3.5366849e-01  -7.8426878e-02  -9.7124722e-04   2.0912177e-03  -1.5323687e-02
  -5.6462373e-01  -3.7228063e-01  -8.6391340e-02  -1.3121336e-03   1.6447696e-03  -1.4564689e-02
  -5.7175590e-01  -3.5937321e-01  -1.0013442e-01  -6.3029639e-04   1.3216106e-03  -1.4529619e-02
  -5.6294667e-01  -3.7148783e-01  -9.7961829e-02  -7.4171615e-04   1.3996118e-03  -1.4331013e-02
  -5.9035522e-01  -3.7251162e-01  -1.1217760e-01  -4.8183537e-04   1.4944880e-03  -1.4773898e-02
  -5.7860322e-01  -3.7433671e-01  -8.3384049e-02  -1.1010472e-03   1.3917668e-03  -1.4528481e-02
  -5.8704100e-01  -3.6845312e-01  -1.1712030e-01  -4.4876635e-04   1.4832756e-03  -1.4704043e-02
  -5.8477714e-01  -3.7408528e-01  -1.2392009e-01  -2.9671999e-04   1.6617042e-03  -1.4706870e-02
  -6.0009725e-01  -3.8423203e-01  -1.7623333e-01  -2.8546326e-04   1.4204381e-03  -1.4779009e-02
  -5.7392160e-01  -4.3608793e-01  -1.3421760e-01  -1.2107721e-03   1.8795438e-03  -1.4606752e-02
  -5.8999526e-01  -4.1279205e-01  -1.3816726e-01  -1.0110039e-03   1.7824501e-03  -1.4718672e-02
  -5.8311301e-01  -4.0368667e-01  -1.5766832e-01  -6.7576989e-04   2.1672640e-03  -1.4730058e-02
  -5.8339464e-01  -4.3866196e-01  -1.4096176e-01  -8.2671109e-04   1.8244581e-03  -1.4879980e-02
  -6.0560745e-01  -4.5904463e-01  -1.1040548e-01  -1.3831971e-03   1.5930111e-03  -1.5008116e-02
  -5.9186919e-01  -4.1134431e-01  -1.4394026e-01  -7.2119988e-04   1.8480957e-03  -1.4823267e-02
  -5.6973723e-01  -4.1791703e-01  -1.3373533e-01  -6.5443354e-04   2.3407885e-03  -1.4926974e-02
  -5.6743355e-01  -4.1132607e-01  -1.2320870e-01  -1.2942413e-03   2.3583678e-03  -1.4671028e-02
  -5.7998272e-01  -4.3732640e-01  -1.3771916e-01  -1.3931513e-03   2.2727796e-03  -1.4878427e-02
  -5.8256639e-01  -4.1515593e-01  -1.4309934e-01  -1.0701525e-03   2.4380628e-03  -1.5158245e-02
  -5.8030005e-01  -4.1583844e-01  -1.4105029e-01  -1.1532566e-03   2.4787753e-03  -1.5292227e-02
  -5.6449305e-01  -4.0867310e-01  -1.3439539e-01  -9.1990439e-04   2.4954260e-03  -1.5113945e-02
  -5.8451343e-01  -4.5538242e-01  -9.8165918e-02  -1.7996099e-03   2.5994691e-03  -1.5481439e-02
  -5.6175918e-01  -4.1766589e-01  -1.1706453e-01  -1.2948811e-03   2.6512463e-03  -1.4877588e-02
  -5.5289648e-01  -4.0231293e-01  -1.0874173e-01  -9.3643192e-04   3.0648918e-03  -1.5213968e-02
  -5.5306784e-01  -3.9670559e-01  -1.3423119e-01  -8.0207344e-04   3.0259639e-03  -1.4999061e-02
  -5.8442308e-01  -4.4285360e-01  -1.6498138e-01  -1.2699423e-03   3.3357210e-03  -1.5880132e-02
  -5.6653698e-01  -4.1606822e-01  -1.8045595e-01  -1.8886012e-04   2.9387515e-03  -1.4636230e-02
  -5.6043007e-01  -4.1483682e-01  -8.9948854e-02  -5.8449768e-04   4.2617125e-04  -1.4202487e-02
  -5.5510529e-01  -4.4286173e-01  -6.7898153e-02  -1.4392915e-04   1.9101349e-03  -1.5252137e-02
  -5.7985608e-01  -4.5313521e-01  -5.4123372e-03  -7.7022884e-04   1.9159801e-03  -1.5602317e-02
  -5.4268589e-01  -4.5103200e-01  -4.2797586e-02  -1.4030693e-03   2.1420469e-03  -1.4501018e-02
  -5.4615004e-01  -4.1313732e-01  -3.7758411e-02  -4.3331020e-04   3.0052783e-03  -1.5003522e-02
  -5.4971405e-01  -4.2328334e-01  -3.9002466e-02  -5.1514251e-04   3.8002454e-03  -1.4889561e-02
  -5.8471336e-01  -4.6555831e-01   6.4905431e-03  -9.9647464e-04   3.3855826e-03  -1.5540288e-02
  -5.6205678e-01  -5.0234394e-01   3.7545321e-02  -1.9540256e-03   3.1229503e-03  -1.5290869e-02
  -5.4840313e-01  -4.6054270e-01   2.2169656e-02  -1.2119616e-03   3.5980052e-03  -1.5285775e-02
  -5.3244800e-01  -4.7020327e-01   3.4636491e-03  -1.0647180e-03   3.6917231e-03  -1.5092231e-02
  -5.4589199e-01  -5.0193352e-01   2.1785090e-02  -1.5919620e-03   3.3521390e-03  -1.5517576e-02
  -5.7533998e-01  -5.1049009e-01   3.4966717e-02  -1.9730540e-03   3.3136520e-03  -1.5822573e-02
  -5.4247391e-01  -4.7967335e-01  -1.3357911e-02  -1.2141316e-03   3.4865131e-03  -1.5432612e-02
  -5.0241282e-01  -4.6794384e-01  -4.6159886e-02  -9.2771114e-04   3.9191273e-03  -1.4714641e-02
  -4.9981085e-01  -4.9765881e-01   8.2610333e-03  -1.2598627e-03   4.1188858e-03  -1.4961591e-02
  -5.2629165e-01  -5.3137115e-01   1.6536551e-02  -1.8054338e-03   4.1445257e-03  -1.5291410e-02
  -5.1940718e-01  -5.0180495e-01  -2.0955264e-02  -1.3219991e-03   3.8326536e-03  -1.5162977e-02
  -5.2256350e-01  -5.1547138e-01  -5.5875743e-03  -1.0610028e-03   3.9388915e-03  -1.5421758e-02
  -5.2040562e-01  -5.4545297e-01  -3.2011024e-02  -1.1254764e-03   3.7450670e-03  -1.5616851e-02
  -5.7342411e-01  -5.5210937e-01  -4.3266864e-02  -1.4565117e-03   3.1925979e-03  -1.6136194e-02
  -5.6421574e-01  -5.2968150e-01  -6.4655323e-02  -1.6118150e-03   2.1651381e-03  -1.5561280e-02
  -5.5826999e-01  -5.1741858e-01  -6.0530324e-02  -1.7742889e-03   3.0731945e-03  -1.5812002e-02
  -5.5722610e-01  -5.3748560e-01  -1.0939059e-01  -1.0478977e-03   3.3078793e-03  -1.5631538e-02
  -5.8850001e-01  -5.4997148e-01  -1.5130950e-01  -8.0995222e-04   3.7046640e-03  -1.6214893e-02
  -6.1660416e-01  -5.3227474e-01  -1.0754541e-01  -1.1838156e-03   2.6177017e-03  -1.6048930e-02
  -5.5969424e-01  -5.3625460e-01  -6.0390228e-02  -9.2892055e-04   3.3734339e-03  -1.5702737e-02
  -5.5940421e-01  -5.5787772e-01  -4.5597131e-02  -1.2111667e-03   3.4445009e-03  -1.5910870e-02
  -5.6938819e-01  -5.7986878e-01  -2.0907703e-02  -1.5251066e-03   3.7574030e-03  -1.6517581e-02
  -5.8585344e-01  -6.0541538e-01   2.0584557e-02  -2.5239347e-03   3.1148066e-03  -1.6336780e-02
  -5.5266979e-01  -5.8659984e-01   8.5864641e-03  -2.1557455e-03   3.3271981e-03  -1.5972266e-02
  -5.4287473e-01  -5.6399896e-01  -1.0903900e-02  -1.6861558e-03   3.4109357e-03  -1.5815529e-02
  -5.4829284e-01  -5.6363038e-01  -2.4731658e-02  -1.3270675e-03   3.5672402e-03  -1.6216635e-02
  -5.4564090e-01  -5.5411960e-01  -1.4193161e-02  -1.6441741e-03   3.8846081e-03  -1.5954772e-02
  -5.5674267e-01  -5.2606430e-01  -2.4386105e-02  -1.3613378e-03   4.3636394e-03  -1.6193222e-02
  -5.5174460e-01  -5.3807026e-01  -3.3528386e-02  -1.4332506e-03   4.2565970e-03  -1.5924032e-02
  -5.7379001e-01  -5.6934603e-01  -3.6706319e-02  -1.7929351e-03   4.3618524e-03  -1.6357501e-02
  -6.2551274e-01  -5.7421136e-01  -5.6273252e-02  -1.7976478e-03   3.6787503e-03  -1.6996395e-02
  -6.1758805e-01  -5.3506466e-01  -7.4248084e-02  -1.3145594e-03   3.7216824e-03  -1.6882467e-02
  -5.9861945e-01  -5.3741958e-01  -3.2468834e-02  -1.0652490e-03   4.3266463e-03  -1.6834093e-02
  -5.6379953e-01  -5.3675850e-01  -5.3958801e-02  -7.1590930e-04   4.6347431e-03  -1.6479952e-02
  -5.7635429e-01  -5.6367829e-01  -3.9871946e-02  -9.3765197e-04   4.4363900e-03  -1.6589723e-02
  -5.6895801e-01  -5.7641378e-01  -3.3657933e-02  -1.2115439e-03   4.6540494e-03  -1.6423368e-02
  -5.5875013e-01  -5.4098909e-01  -8.3510341e-02  -6.3074020e-04   4.8585044e-03  -1.6131999e-02
  -5.4927991e-01  -5.6091071e-01  -9.8577062e-02  -8.5477129e-04   4.9672594e-03  -1.5591545e-02
  -5.7067338e-01  -5.8468707e-01  -9.0135246e-02  -9.4350388e-04   5.3206821e-03  -1.6182357e-02
  -5.7631799e-01  -5.9355087e-01  -8.1279968e-02  -1.4305014e-03   4.3734157e-03  -1.6066097e-02
  -5.6719966e-01  -5.8554302e-01  -6.6062435e-02  -1.0564453e-03   4.7779169e-03  -1.6186555e-02
  -5.4747828e-01  -5.9357029e-01  -4.0621427e-02  -9.8759549e-04   5.1896899e-03  -1.6150699e-02
  -6.0465404e-01  -6.1590851e-01  -8.4569592e-02  -1.1647877e-03   4.3502669e-03  -1.6840944e-02
  -5.9767869e-01  -6.5105644e-01  -3.7965292e-02  -2.0206162e-03   3.9138644e-03  -1.6594384e-02
  -5.6990424e-01  -6.0652572e-01  -5.3526778e-02  -1.3460220e-03   5.0826472e-03  -1.6321398e-02
  -5.6074586e-01  -6.1344697e-01  -6.4199292e-02  -1.2850434e-03   4.4033972e-03  -1.5776201e-02
  -5.8315908e-01  -6.3661531e-01  -5.9429099e-02  -1.3950086e-03   5.0068863e-03  -1.6419526e-02
  -5.7149466e-01  -6.4140500e-01  -5.8256955e-02  -1.8206440e-03   4.2798714e-03  -1.6224472e-02
  -5.4024447e-01  -5.8895112e-01  -6.6944018e-02  -7.2889720e-04   5.1638241e-03  -1.6056898e-02
  -5.4974851e-01  -6.0859058e-01  -4.4532452e-02  -1.1786028e-03   5.0376177e-03  -1.5813345e-02
  -5.7623753e-01  -6.0490312e-01  -6.7138836e-02  -1.0878807e-03   5.1419421e-03  -1.6326708e-02
  -6.2113737e-01  -6.2207299e-01  -1.0211416e-01  -1.4577817e-03   4.5315095e-03  -1.6766612e-02
  -5.9165013e-01  -6.0556397e-01  -1.3441512e-01  -1.2620243e-03   4.7631723e-03  -1.6145281e-02
  -5.7892782e-01  -5.9703592e-01  -1.2853502e-01  -8.8338661e-04   4.9927194e-03  -1.6087394e-02
  -5.7608475e-01  -5.9665278e-01  -1.3262147e-01  -7.1390794e-04   5.4742631e-03  -1.6601110e-02
  -5.9682173e-01  -6.5406069e-01  -1.2202524e-01  -1.8363246e-03   4.3216403e-03  -1.6639547e-02
  -5.7788531e-01  -6.2202368e-01  -1.2084847e-01  -1.2156769e-03   4.7709920e-03  -1.6125209e-02
  -5.6017639e-01  -6.0051538e-01  -1.4357586e-01  -4.4411293e-04   4.9853226e-03  -1.6071726e-02
  -5.6624074e-01  -5.9283786e-01  -1.7282730e-01  -3.2452471e-04   4.7772071e-03  -1.6265869e-02
  -5.8446467e-01  -6.2583754e-01  -1.4537039e-01  -8.8340936e-04   4.6812655e-03  -1.6852713e-02
  -5.3183388e-01  -5.1962725e-01  -3.0288228e-01   2.8024281e-03   5.2474047e-03  -1.5613381e-02
  -5.8097781e-01  -5.3740530e-01  -3.0519115e-01   1.7737420e-03   3.5173453e-03  -1.5838787e-02
  -5.4769027e-01  -6.0291160e-01  -2.1545940e-01  -1.8009892e-05   3.4362581e-03  -1.4817141e-02
  -5.3621836e-01  -6.2334924e-01  -1.6224093e-01  -4.5847250e-04   3.7051267e-03  -1.4457954e-02
  -5.0734148e-01  -6.1666867e-01  -2.1371530e-01   1.1036754e-04   4.7835231e-03  -1.4685073e-02
  -4.7674476e-01  -6.0363462e-01  -2.3768608e-01   4.0219255e-04   4.4854579e-03  -1.4240889e-02
  -4.7232613e-01  -5.7913050e-01  -2.5344254e-01   4.6640066e-04   4.3582082e-03  -1.4473277e-02
  -4.8276486e-01  -6.0737135e-01  -1.6096394e-01  -1.2153930e-03   4.4825517e-03  -1.4995247e-02
  -5.3551703e-01  -5.7444757e-01  -1.5030442e-01  -2.6404573e-04   4.9137137e-03  -1.6457780e-02
  -5.2749737e-01  -4.9288960e-01  -2.5510560e-01   1.8756610e-03   4.8655931e-03  -1.6100951e-02
  -5.5115048e-01  -4.7227123e-01  -2.8707982e-01   1.6740695e-03   4.6729422e-03  -1.6594455e-02
  -5.4174978e-01  -5.1802519e-01  -2.3403609e-01   5.0250986e-04   5.1163560e-03  -1.6463241e-02
  -5.5774176e-01  -5.5663166e-01  -2.1722777e-01  -3.9861796e-04   4.9692231e-03  -1.6695750e-02
  -5.7782033e-01  -5.4394802e-01  -2.6306734e-01  -2.1581451e-05   4.9336126e-03  -1.6816072e-02
