   0.0000000e+00   0.0000000e+00   0.0000000e+00   0.0000000e+00   0.0000000e+00   0.0000000e+00
   2.4290187e-02   1.0523227e-02   4.8574956e-02  -1.5849440e-04  -3.0736495e-04   9.5889549e-04
   3.6067006e-02  -3.1332420e-02   2.0327555e-01  -2.2864905e-03  -8.0396574e-04   1.8258576e-03
   2.2791895e-03  -6.8101628e-02   2.0680205e-01  -4.5162074e-03  -2.3367050e-03   2.1061154e-03
  -5.3415230e-02  -7.3988531e-02   2.6593105e-01  -4.4104197e-03  -2.9982704e-03   1.1887256e-03
   1.8478428e-02  -1.1345717e-01   2.6237696e-01  -4.3163285e-03  -2.3551841e-03   2.3325916e-03
   6.1782359e-02  -1.5384352e-01   3.1795695e-01  -6.6499681e-03  -2.6301455e-03   3.9610202e-03
   3.2745578e-02  -1.8182742e-01   3.6452469e-01  -8.0316332e-03  -3.0306600e-03   3.1883594e-03
  -1.9304554e-03  -1.7062217e-01   3.4651505e-01  -6.8720687e-03  -3.7928164e-03   2.8762030e-03
   4.7626806e-02  -1.4344347e-01   3.7900318e-01  -6.9162048e-03  -3.3982327e-03   3.6663820e-03
   4.9644951e-02  -2.0346454e-01   3.9775493e-01  -9.0153164e-03  -3.4045908e-03   3.9655961e-03
   4.2237457e-02  -2.2786217e-01   5.3146479e-01  -9.7183903e-03  -3.6440793e-03   3.8493973e-03
   4.7459732e-02  -1.5792678e-01   4.4774869e-01  -4.7295288e-03  -4.2159640e-03   4.3142684e-03
   9.6592604e-02  -1.6396641e-01   2.4527292e-01  -5.3240643e-03  -3.7857134e-03   5.1373119e-03
   7.4540652e-02  -1.7021591e-01   3.3496443e-01  -6.6195919e-03  -3.7754023e-03   4.7653565e-03
   1.2450893e-01  -2.4189142e-01   3.4104030e-01  -8.8700271e-03  -4.2772762e-03   6.0676045e-03
   1.6299535e-01  -2.3753372e-01   3.2719310e-01  -8.5323503e-03  -4.4331825e-03   7.0951679e-03
   1.6079255e-01  -2.3634067e-01   2.7646432e-01  -7.7096026e-03  -4.2687324e-03   7.0527686e-03
   1.5194655e-01  -2.7781318e-01   3.2838182e-01  -8.7390605e-03  -4.1987663e-03   6.8566033e-03
   1.2870939e-01  -2.8128500e-01   3.0186224e-01  -9.4479129e-03  -4.4366178e-03   6.7163990e-03
   1.8458492e-01  -3.1992219e-01   3.2619484e-01  -9.8149376e-03  -4.1204664e-03   7.1173846e-03
   1.7327302e-01  -2.6571176e-01   3.9610710e-01  -8.4652728e-03  -4.5778754e-03   7.1744814e-03
   1.3015977e-01  -4.1217589e-01   4.6059301e-01  -7.5973349e-03  -4.6389680e-03   5.8203921e-03
   2.6518352e-01  -3.8274513e-01   6.7863732e-02  -4.5114037e-03  -3.2615047e-03   7.9497037e-03
   1.4191894e-01  -2.5285091e-01  -4.8400704e-04  -5.5865145e-03  -4.7740921e-03   6.7339430e-03
   8.6358231e-02  -2.6228936e-01   8.5099790e-02  -6.7615356e-03  -5.0911680e-03   5.7306458e-03
   1.2785756e-01  -2.4878115e-01   9.4630316e-02  -6.9798999e-03  -4.9563161e-03   6.7452368e-03
   1.3416397e-01  -2.8051766e-01   2.0014552e-01  -8.3716903e-03  -5.7725998e-03   7.5835737e-03
   1.5619172e-01  -3.1314785e-01  -3.0873773e-02  -6.3205077e-03  -5.6387923e-03   8.0161290e-03
   4.1799748e-02  -1.7178627e-01  -1.5330775e-01   2.3725307e-04  -4.1666876e-03   5.4645711e-03
   9.8752905e-02  -1.0968322e-01  -5.6227603e-02  -1.7126056e-03  -4.6760208e-03   6.4915796e-03
   7.5854630e-02  -1.3473258e-01   5.2270609e-03  -1.5560753e-03  -5.0637593e-03   6.2607422e-03
   1.1542976e-01  -1.7081501e-01   3.5180582e-02  -3.4949076e-03  -4.7194993e-03   7.2829917e-03
   1.4122496e-01  -2.2662235e-01   2.9559941e-02  -3.5995870e-03  -4.2624028e-03   8.0832449e-03
   1.1096530e-01  -1.7693877e-01   1.3605802e-02  -3.0577316e-03  -4.4080944e-03   7.5422751e-03
   1.6882503e-01  -2.1626963e-01   7.7628394e-02  -4.2145164e-03  -4.1633114e-03   8.7978039e-03
   1.6962376e-01  -2.2748107e-01   1.7359467e-01  -5.7070958e-03  -4.0393773e-03   9.0088644e-03
   1.0833722e-01  -2.5101227e-01   1.6204081e-01  -5.8704297e-03  -4.9318871e-03   7.8817307e-03
   1.3027479e-01  -2.6474137e-01   2.1497662e-01  -6.3699149e-03  -4.7966557e-03   8.2674431e-03
   1.2494867e-01  -2.8400940e-01   2.0000377e-01  -6.8405425e-03  -4.9114214e-03   8.2212273e-03
   1.3007010e-01  -2.7748075e-01   2.1712323e-01  -7.4039182e-03  -4.8602413e-03   8.5347135e-03
   9.7628776e-02  -2.8591775e-01   2.5179963e-01  -7.5256887e-03  -5.3630101e-03   8.0070705e-03
   8.7135168e-02  -2.7115237e-01   2.7478649e-01  -7.4766431e-03  -5.3932279e-03   8.1125476e-03
   6.4360288e-02  -2.7716320e-01   2.7339901e-01  -7.5000422e-03  -5.6626533e-03   7.7320458e-03
   7.0770081e-02  -2.9669096e-01   2.6830996e-01  -7.8878665e-03  -6.1042829e-03   8.0863990e-03
   5.1093640e-02  -3.0988838e-01   7.6531103e-02  -7.7402835e-03  -6.1167353e-03   8.3196537e-03
   1.1164747e-01  -3.1113979e-01   4.6878471e-01  -9.2539913e-03  -5.9731538e-03   8.5528244e-03
   1.1055490e-01  -3.1675477e-01   5.2015896e-01  -9.3041470e-03  -5.7131335e-03   8.6833267e-03
   8.8095037e-02  -3.2112467e-01   4.9800271e-01  -9.7139549e-03  -5.9147659e-03   8.6432712e-03
   1.0317659e-01  -3.3673814e-01   5.0330062e-01  -1.0019522e-02  -6.1900278e-03   8.9185161e-03
   1.1805327e-01  -3.3284095e-01   4.9888082e-01  -9.7279542e-03  -5.6712412e-03   8.8877269e-03
   1.1032305e-01  -3.3500011e-01   5.2067616e-01  -1.0273708e-02  -5.7917927e-03   8.7978178e-03
   1.1145366e-01  -3.3064647e-01   5.3036405e-01  -1.0007776e-02  -5.8846621e-03   8.9599510e-03
   7.8298159e-02  -3.6803589e-01   5.7060395e-01  -1.1341021e-02  -6.3995733e-03   8.6002534e-03
   6.1564091e-02  -3.4930985e-01   5.5988840e-01  -1.1277166e-02  -6.6486990e-03   8.2510170e-03
   7.0564378e-02  -3.5789052e-01   5.8690591e-01  -1.1294573e-02  -6.7757908e-03   8.5018134e-03
   9.5819252e-02  -3.7337830e-01   5.5591129e-01  -1.0878401e-02  -6.4910165e-03   8.8810738e-03
   1.0590108e-01  -4.1403225e-01   5.5294616e-01  -1.1989755e-02  -6.7798811e-03   9.4243401e-03
   9.9372518e-02  -3.8469171e-01   4.6444963e-01  -8.6309426e-03  -6.4228555e-03   9.1276866e-03
   1.1573744e-01  -3.3273486e-01   3.7333610e-01  -6.8849542e-03  -6.0976315e-03   9.1184914e-03
   1.3920556e-01  -3.9394979e-01   5.0758660e-01  -1.0443957e-02  -6.3762264e-03   9.6151157e-03
   1.1861280e-01  -4.3657858e-01   5.3890155e-01  -1.1660794e-02  -6.5761208e-03   9.4990010e-03
   8.7314227e-02  -4.2895335e-01   6.0695679e-01  -1.1634860e-02  -7.1395490e-03   9.0811946e-03
   9.4102974e-02  -4.2399363e-01   6.0557995e-01  -1.1831153e-02  -7.0470298e-03   8.9827162e-03
   1.0790989e-01  -4.4214534e-01   6.0836053e-01  -1.2785716e-02  -7.0173958e-03   9.3743915e-03
   1.2475229e-01  -4.3801483e-01   6.0851462e-01  -1.3059755e-02  -6.7453798e-03   9.4983417e-03
   9.3308744e-02  -4.7333625e-01   6.7575626e-01  -1.3625613e-02  -7.0178189e-03   9.1468201e-03
   6.2005318e-02  -4.6808488e-01   6.7040093e-01  -1.3392456e-02  -7.4622106e-03   8.6199159e-03
   5.9540429e-02  -4.6233942e-01   6.8342324e-01  -1.3863122e-02  -7.4667300e-03   8.4545511e-03
   7.7343798e-02  -4.6903423e-01   6.6701500e-01  -1.3902122e-02  -7.2323344e-03   8.6600210e-03
   7.6203137e-02  -4.7670254e-01   6.4278353e-01  -1.3822771e-02  -7.7677311e-03   9.0360967e-03
   7.5972156e-02  -4.4803225e-01   6.4930365e-01  -1.3069420e-02  -7.7323749e-03   8.8914443e-03
   9.1447161e-02  -4.8699586e-01   6.5162340e-01  -1.3740552e-02  -7.5783831e-03   9.4329340e-03
   7.4915613e-02  -5.0587517e-01   6.6873686e-01  -1.3632706e-02  -7.0604217e-03   9.3649362e-03
   8.2544009e-02  -5.1012130e-01   7.4006328e-01  -1.4779420e-02  -7.3806999e-03   9.1969267e-03
   9.0742867e-02  -5.0182316e-01   7.3388399e-01  -1.4552249e-02  -7.5442504e-03   9.2738373e-03
   7.3542819e-02  -5.2062372e-01   6.7703036e-01  -1.5027134e-02  -7.3875037e-03   8.7822202e-03
   9.4665675e-02  -5.0826245e-01   6.6215143e-01  -1.4096134e-02  -7.7840928e-03   9.4290952e-03
   1.3863185e-01  -5.4250781e-01   6.4735679e-01  -1.4923059e-02  -8.0247450e-03   1.0535090e-02
   1.3386400e-01  -4.9699024e-01   7.0721547e-01  -1.3371887e-02  -7.9101883e-03   1.0586711e-02
   1.6823467e-01  -5.0224986e-01   7.0984781e-01  -1.3630312e-02  -7.7597883e-03   1.0930437e-02
   1.5809138e-01  -5.1029986e-01   6.9895101e-01  -1.3447434e-02  -7.6764093e-03   1.0643835e-02
   1.5850465e-01  -5.2432122e-01   7.1673178e-01  -1.4278349e-02  -7.6766579e-03   1.0769597e-02
   1.4331539e-01  -5.1895520e-01   7.3400420e-01  -1.3576376e-02  -7.8453107e-03   1.0617605e-02
   1.4062292e-01  -5.1425564e-01   7.4295121e-01  -1.3906721e-02  -8.2111890e-03   1.0447776e-02
   1.3678066e-01  -4.8869578e-01   7.2807886e-01  -1.2862186e-02  -8.0070154e-03   1.0442169e-02
   1.3261804e-01  -5.2544793e-01   7.4326436e-01  -1.4125214e-02  -7.9333444e-03   1.0533405e-02
   1.2466546e-01  -5.2367867e-01   6.2583150e-01  -1.1768725e-02  -7.5513499e-03   1.0058439e-02
   1.5028258e-01  -4.5089417e-01   3.7362697e-01  -8.4000946e-03  -6.7805305e-03   1.0293608e-02
   1.1374225e-01  -4.3843056e-01   5.3139247e-01  -9.6973897e-03  -7.1918110e-03   9.5739853e-03
   1.2263721e-01  -4.4256953e-01   5.8602160e-01  -9.4276927e-03  -6.4405978e-03   9.7222335e-03
   7.1692173e-02  -4.4985127e-01   6.1754178e-01  -1.0209652e-02  -7.3915636e-03   8.9309402e-03
   7.5695224e-02  -4.4521398e-01   6.1638380e-01  -1.0578384e-02  -6.9699180e-03   8.9114429e-03
   7.9970803e-02  -4.8196876e-01   6.3503981e-01  -1.0936342e-02  -7.1587299e-03   9.0288323e-03
   1.2158479e-01  -4.8635797e-01   6.0456584e-01  -1.0806443e-02  -7.3682544e-03   1.0202157e-02
   8.2375404e-02  -4.8363008e-01   6.2273762e-01  -1.1394579e-02  -8.0717340e-03   9.6662400e-03
   1.0843343e-01  -4.3834050e-01   6.1713796e-01  -9.6087333e-03  -7.6526048e-03   9.8779636e-03
   9.5000242e-02  -4.7945593e-01   6.5176928e-01  -9.9717501e-03  -7.7073642e-03   9.7495073e-03
   8.8950856e-02  -4.7191184e-01   6.2979182e-01  -1.0009589e-02  -7.8906793e-03   9.8022040e-03
   9.6607816e-02  -4.9067317e-01   6.4015759e-01  -9.9731491e-03  -7.8208981e-03   1.0120212e-02
   1.3363961e-01  -4.9704664e-01   4.6266331e-01  -8.1531034e-03  -7.2476452e-03   9.8937463e-03
   1.3290710e-01  -4.0473841e-01   4.0114730e-01  -7.4888410e-03  -7.6539817e-03   9.9272330e-03
   1.3515488e-01  -3.4896444e-01   5.1647159e-01  -5.9070841e-03  -7.7251979e-03   1.0341686e-02
   1.0890210e-01  -4.0887096e-01   5.1909389e-01  -7.6931620e-03  -8.3093528e-03   1.0301214e-02
   8.2685981e-02  -3.9105731e-01   5.6781568e-01  -7.5249628e-03  -7.8931193e-03   9.6669535e-03
   1.0903250e-01  -3.7447980e-01   5.6102422e-01  -7.9892424e-03  -7.6493256e-03   9.8087370e-03
   1.0737246e-01  -3.6947439e-01   5.7114644e-01  -7.9261899e-03  -7.7216061e-03   9.9149591e-03
   1.0804362e-01  -3.7699955e-01   5.6190203e-01  -8.2015232e-03  -7.9954895e-03   1.0210135e-02
   9.6974706e-02  -3.7145399e-01   6.0008878e-01  -7.6371531e-03  -7.7357362e-03   1.0078806e-02
   1.4805630e-01  -3.9985007e-01   5.3409163e-01  -7.6856536e-03  -7.4858441e-03   1.0792561e-02
   1.4569283e-01  -4.0352417e-01   5.9950354e-01  -8.6601267e-03  -7.5093333e-03   1.0810402e-02
   1.3927488e-01  -4.0075556e-01   6.3220374e-01  -9.1834503e-03  -8.0038156e-03   1.0883624e-02
   1.4092721e-01  -3.9954408e-01   6.1910345e-01  -9.0959640e-03  -7.6486546e-03   1.0603846e-02
   1.4549398e-01  -4.0765753e-01   6.3162002e-01  -8.4633617e-03  -7.5694095e-03   1.0857133e-02
   1.5138607e-01  -4.3492798e-01   6.1408284e-01  -8.4884392e-03  -7.5593454e-03   1.1083427e-02
   1.6182554e-01  -4.2992893e-01   6.2307240e-01  -9.2469447e-03  -7.4372832e-03   1.1184578e-02
   1.3555578e-01  -4.7512425e-01   6.1046817e-01  -9.2259902e-03  -7.6478247e-03   1.0609920e-02
   1.2926258e-01  -4.6810879e-01   6.4448269e-01  -8.9083510e-03  -7.3850994e-03   1.0537970e-02
   1.2358675e-01  -4.7135516e-01   6.5315894e-01  -8.9484452e-03  -7.8876458e-03   1.0540766e-02
   1.1991447e-01  -4.7671767e-01   6.2918687e-01  -9.4723761e-03  -7.8612308e-03   1.0590532e-02
   1.2884646e-01  -4.8029074e-01   6.1571157e-01  -9.2962257e-03  -7.6138709e-03   1.0755936e-02
   1.3599188e-01  -4.9298212e-01   6.5740704e-01  -9.0866000e-03  -7.6213615e-03   1.0641578e-02
   1.3652033e-01  -4.7394892e-01   6.3831715e-01  -9.0894691e-03  -7.5293073e-03   1.0595454e-02
   1.2748377e-01  -4.8544546e-01   6.5936882e-01  -9.0427013e-03  -7.4127404e-03   1.0515833e-02
   1.2388887e-01  -5.0925367e-01   6.5029766e-01  -9.6498289e-03  -7.5939860e-03   1.0469436e-02
   1.0259115e-01  -5.1583930e-01   6.6489634e-01  -9.5725228e-03  -7.8050151e-03   1.0146157e-02
   1.1395226e-01  -4.8919576e-01   6.3471755e-01  -9.6617727e-03  -8.0261263e-03   1.0221880e-02
   9.5296684e-02  -4.9465196e-01   6.6106695e-01  -9.8191945e-03  -8.5498145e-03   1.0309242e-02
   1.4722203e-01  -4.9484048e-01   7.0163379e-01  -9.8778514e-03  -7.6776613e-03   1.1152584e-02
   1.7663908e-01  -5.1343107e-01   7.4442336e-01  -1.0329726e-02  -7.5846652e-03   1.1180063e-02
   1.5629692e-01  -4.9774345e-01   7.0236177e-01  -9.7662960e-03  -7.6629972e-03   1.0915669e-02
   1.5662735e-01  -5.2233890e-01   7.1791987e-01  -9.8998931e-03  -7.5733893e-03   1.0945865e-02
   1.5544201e-01  -5.1785899e-01   6.8691550e-01  -1.0187515e-02  -7.5077131e-03   1.1035879e-02
   1.3485021e-01  -5.4755327e-01   7.4061609e-01  -1.0156742e-02  -7.7810188e-03   1.0699560e-02
   1.3238385e-01  -5.3928724e-01   7.0337406e-01  -1.0672155e-02  -7.8061295e-03   1.0453166e-02
   1.4736743e-01  -5.3961409e-01   6.7943533e-01  -1.0713623e-02  -7.7256191e-03   1.0742958e-02
   1.4929033e-01  -5.3527068e-01   6.6231142e-01  -1.0398443e-02  -7.5239598e-03   1.1051718e-02
   1.1368387e-01  -5.5272956e-01   6.6220572e-01  -1.0455565e-02  -8.2627659e-03   1.0776006e-02
   1.8455615e-01  -5.6775810e-01   6.5068356e-01  -1.0371193e-02  -7.3965060e-03   1.1204373e-02
   1.9411881e-01  -5.6773283e-01   7.9621488e-01  -1.0487536e-02  -7.7121966e-03   1.1495197e-02
   1.8050235e-01  -7.2760763e-01   7.6315901e-01  -9.0058650e-03  -5.8881362e-03   9.7262802e-03
   3.1237564e-01  -6.1191549e-01   3.6449215e-01  -6.0208997e-03  -4.9003001e-03   1.1848180e-02
   1.9483531e-01  -5.1163230e-01   5.3209642e-01  -7.7649729e-03  -6.8449462e-03   1.0528961e-02
   1.8651717e-01  -4.7391856e-01   5.4670040e-01  -7.1001377e-03  -6.1177964e-03   1.0242757e-02
   1.8855752e-01  -4.7535858e-01   5.0839416e-01  -7.5580665e-03  -6.2881519e-03   1.0431079e-02
   2.2540272e-01  -4.9147100e-01   6.2702922e-01  -7.6008841e-03  -5.8474569e-03   1.1266419e-02
   1.7450690e-01  -4.7574010e-01   6.6841844e-01  -6.7059757e-03  -6.4432209e-03   1.0724852e-02
   1.8203330e-01  -4.5849493e-01   7.0559161e-01  -6.7312078e-03  -6.2934868e-03   1.0761426e-02
   1.9191174e-01  -4.1387136e-01   6.8746775e-01  -6.2798747e-03  -6.1013796e-03   1.1023411e-02
   2.0416992e-01  -4.1035108e-01   7.1346010e-01  -6.9012166e-03  -6.1008397e-03   1.0829660e-02
   1.7647506e-01  -4.4085800e-01   7.2317447e-01  -7.0151111e-03  -6.6656462e-03   1.0758930e-02
   1.8435527e-01  -4.4336908e-01   7.5625053e-01  -6.7869201e-03  -6.2368763e-03   1.0836820e-02
   1.7056488e-01  -4.6815837e-01   7.3937684e-01  -6.7405654e-03  -6.5060889e-03   1.0678892e-02
   2.1214706e-01  -4.8667479e-01   7.2001388e-01  -7.2458338e-03  -6.2577730e-03   1.1447147e-02
   1.9218117e-01  -5.2103958e-01   7.3425518e-01  -7.6616949e-03  -6.8661116e-03   1.0959831e-02
   1.7005706e-01  -4.7615135e-01   6.9639437e-01  -7.0441394e-03  -6.7584285e-03   1.0441803e-02
   1.6784874e-01  -4.7425889e-01   7.0573987e-01  -6.9026379e-03  -6.6105190e-03   1.0416190e-02
   2.0617496e-01  -5.1963757e-01   7.2398099e-01  -7.5890916e-03  -6.5972300e-03   1.1200150e-02
   1.9815438e-01  -5.4458228e-01   7.4477889e-01  -7.6132530e-03  -6.2548099e-03   1.1091912e-02
   1.9053706e-01  -5.3156616e-01   7.4383688e-01  -7.3302011e-03  -6.1470551e-03   1.1010346e-02
   1.8791617e-01  -5.3540647e-01   7.2288186e-01  -7.3696276e-03  -6.2833196e-03   1.0926300e-02
   2.1351036e-01  -5.3467193e-01   7.2018454e-01  -7.8516826e-03  -6.3891012e-03   1.1323602e-02
   1.9910977e-01  -5.3576072e-01   7.0396286e-01  -6.8281270e-03  -6.5370840e-03   1.1473997e-02
   2.1464258e-01  -5.6792822e-01   7.7147818e-01  -7.4341558e-03  -6.0905029e-03   1.1441273e-02
   1.8832002e-01  -5.4930886e-01   7.2935372e-01  -6.5164583e-03  -6.8213200e-03   1.1432715e-02
   1.9383886e-01  -5.5567334e-01   1.0055846e+00  -8.6880797e-03  -6.2049526e-03   1.0750872e-02
   1.7735868e-01  -5.8887632e-01   1.0301970e+00  -9.3530873e-03  -6.0110238e-03   1.0452839e-02
   1.2865659e-01  -5.5808047e-01   1.0214207e+00  -8.3319622e-03  -6.0688382e-03   9.8059010e-03
   1.4996457e-01  -5.7720686e-01   1.0472180e+00  -9.2518414e-03  -5.9433924e-03   1.0114634e-02
   1.7862519e-01  -5.7978040e-01   1.0662063e+00  -9.2627036e-03  -4.9211002e-03   1.0426124e-02
   1.6784949e-01  -5.8170415e-01   1.0444039e+00  -9.2926239e-03  -5.4028520e-03   1.0365857e-02
   1.5595585e-01  -5.7389257e-01   1.0430532e+00  -9.0273519e-03  -5.6803704e-03   1.0117948e-02
   1.6841304e-01  -5.5786698e-01   1.0546857e+00  -8.9402482e-03  -5.4887152e-03   1.0326322e-02
   1.8011369e-01  -5.6541322e-01   1.0703789e+00  -9.1057126e-03  -5.2600409e-03   1.0454348e-02
   1.8594288e-01  -5.8235359e-01   1.1072814e+00  -9.3876183e-03  -5.1743544e-03   1.0588749e-02
   1.4862930e-01  -5.9410311e-01   1.0804841e+00  -9.4046855e-03  -5.8540411e-03   1.0161755e-02
   1.8394083e-01  -5.8249792e-01   1.0742104e+00  -9.2191990e-03  -5.4748638e-03   1.0535408e-02
   1.7567248e-01  -5.8598347e-01   1.0730367e+00  -9.1146516e-03  -5.3457270e-03   1.0381713e-02
   1.9553978e-01  -5.9065433e-01   1.0659374e+00  -9.5931925e-03  -5.2129606e-03   1.0730257e-02
   1.7463256e-01  -5.9941283e-01   1.0522422e+00  -9.2093042e-03  -5.1821255e-03   1.0470345e-02
   1.7644999e-01  -6.0765437e-01   1.0688075e+00  -9.5418430e-03  -5.3864624e-03   1.0390259e-02
   1.7694315e-01  -6.1220026e-01   1.0659700e+00  -9.4991773e-03  -5.1323865e-03   1.0308841e-02
   1.9029335e-01  -6.0552578e-01   1.0494161e+00  -9.5731946e-03  -5.2572854e-03   1.0607906e-02
   1.9097883e-01  -6.3883364e-01   1.0632103e+00  -9.8015487e-03  -5.5706271e-03   1.0673736e-02
   1.9592996e-01  -6.1274605e-01   1.0496592e+00  -9.5583762e-03  -5.5550183e-03   1.0578483e-02
   1.8864370e-01  -6.0047241e-01   1.0473721e+00  -9.4903983e-03  -5.3420636e-03   1.0509097e-02
   1.8675202e-01  -6.2129344e-01   1.0451188e+00  -9.5818194e-03  -5.1791470e-03   1.0337396e-02
   1.7146835e-01  -6.5013587e-01   1.0522439e+00  -1.0060825e-02  -5.4273685e-03   1.0304887e-02
   1.7349186e-01  -6.4438042e-01   1.0655621e+00  -1.0241990e-02  -5.4224572e-03   1.0322206e-02
   1.6841503e-01  -6.0852163e-01   1.0202392e+00  -9.7468290e-03  -5.3076204e-03   1.0008099e-02
   1.5854418e-01  -6.2188943e-01   1.0503975e+00  -9.8462785e-03  -5.5168756e-03   9.7415987e-03
   1.9211017e-01  -6.3070934e-01   1.0375039e+00  -9.8209700e-03  -5.6196515e-03   1.0738283e-02
   1.8531561e-01  -6.2745614e-01   1.0373021e+00  -9.7875824e-03  -5.3244691e-03   1.0437056e-02
   1.8400007e-01  -6.1194454e-01   1.0382316e+00  -9.5144278e-03  -5.3089736e-03   1.0280800e-02
   1.7679896e-01  -6.2251038e-01   1.0496290e+00  -9.2799415e-03  -5.1512881e-03   1.0333112e-02
   1.8352226e-01  -6.6027445e-01   1.0188343e+00  -9.7627811e-03  -5.2264532e-03   1.0551074e-02
   1.9026587e-01  -6.5252924e-01   1.0230174e+00  -9.4730115e-03  -5.2024921e-03   1.0633337e-02
   1.9240044e-01  -6.3951571e-01   1.0445228e+00  -9.3235121e-03  -5.1625702e-03   1.0531516e-02
   2.0102590e-01  -6.4979842e-01   1.0507201e+00  -9.4418327e-03  -5.2490792e-03   1.0611063e-02
   1.9902143e-01  -6.6160456e-01   1.0098948e+00  -9.4746181e-03  -4.9500820e-03   1.0834322e-02
   1.8339658e-01  -6.7566389e-01   7.8872928e-01  -8.7909316e-03  -5.6987155e-03   1.1007529e-02
   1.3813020e-01  -6.4042149e-01   1.1333927e+00  -8.9952991e-03  -5.5198845e-03   9.3850192e-03
   1.6339589e-01  -6.4063271e-01   1.0860953e+00  -8.4795936e-03  -5.1969582e-03   9.9298234e-03
   1.9109267e-01  -6.3611482e-01   1.0073652e+00  -9.1036677e-03  -5.0710651e-03   1.0673815e-02
   1.6819061e-01  -6.5576345e-01   1.0275022e+00  -9.2699301e-03  -5.3868372e-03   1.0195059e-02
   2.0564600e-01  -6.6422886e-01   1.0640068e+00  -8.8778620e-03  -4.9694495e-03   1.0815085e-02
   2.0055329e-01  -7.0444135e-01   1.0348672e+00  -9.0605952e-03  -5.0544057e-03   1.0638126e-02
   2.0328838e-01  -6.8763047e-01   9.9058913e-01  -9.2381681e-03  -5.1078411e-03   1.0730388e-02
   1.8770929e-01  -6.7723091e-01   9.9567478e-01  -8.7623060e-03  -5.4929163e-03   1.0507918e-02
   1.8404694e-01  -6.8020591e-01   9.9635116e-01  -8.8094293e-03  -5.3314085e-03   1.0294957e-02
   1.9481586e-01  -6.7843866e-01   1.0434234e+00  -8.8488194e-03  -5.1179644e-03   1.0384839e-02
   2.0677058e-01  -6.6963038e-01   1.0168104e+00  -8.6566599e-03  -4.8709048e-03   1.0731878e-02
   2.1680683e-01  -6.6950507e-01   1.0364660e+00  -8.5545250e-03  -5.1532820e-03   1.1092421e-02
   2.1163285e-01  -6.6513471e-01   1.0659216e+00  -8.8199834e-03  -4.9450017e-03   1.0811978e-02
   2.1468862e-01  -6.5476961e-01   9.7735174e-01  -8.7071427e-03  -5.2540967e-03   1.0729153e-02
   2.1240411e-01  -6.7246218e-01   1.0281172e+00  -8.8532163e-03  -4.8106691e-03   1.0711511e-02
   2.0854834e-01  -6.9680338e-01   9.9953872e-01  -8.9915422e-03  -5.0190498e-03   1.0882870e-02
   1.9999607e-01  -7.0909962e-01   1.0136768e+00  -9.0990854e-03  -5.2735548e-03   1.0907628e-02
   2.0461374e-01  -6.7684787e-01   9.6937300e-01  -9.0054771e-03  -4.9589408e-03   1.0772743e-02
   2.1227773e-01  -6.7193141e-01   1.0063008e+00  -8.9789706e-03  -4.8922465e-03   1.0863799e-02
   2.1093051e-01  -6.6074129e-01   9.7440215e-01  -8.9536072e-03  -4.7748285e-03   1.0920243e-02
   1.8930256e-01  -6.8295411e-01   1.0064082e+00  -8.8945639e-03  -5.2188733e-03   1.0745050e-02
   2.0668270e-01  -6.8335058e-01   9.7206018e-01  -8.4499343e-03  -5.4566124e-03   1.1098170e-02
   2.0771870e-01  -6.8732440e-01   9.8984661e-01  -8.6383524e-03  -5.2771849e-03   1.0876466e-02
   2.0100303e-01  -6.7210218e-01   9.4357201e-01  -8.4366612e-03  -5.2814967e-03   1.0829316e-02
   2.2015656e-01  -6.5524850e-01   9.2360891e-01  -7.7731774e-03  -5.0643661e-03   1.1091119e-02
   2.1067079e-01  -7.0324601e-01   9.5241700e-01  -8.2672698e-03  -4.8346323e-03   1.0942450e-02
   2.1443376e-01  -7.2052067e-01   9.5290930e-01  -8.1891779e-03  -5.1106983e-03   1.1081772e-02
   2.1494796e-01  -7.3176075e-01   9.4832571e-01  -8.7499850e-03  -5.1987123e-03   1.1217312e-02
   2.1542584e-01  -7.4027015e-01   9.3249509e-01  -8.6787537e-03  -5.3068960e-03   1.0947523e-02
   2.1432489e-01  -7.0724532e-01   9.2603014e-01  -8.2120899e-03  -5.2455154e-03   1.0895177e-02
   2.2708683e-01  -6.7858095e-01   8.9155989e-01  -8.0424997e-03  -4.9797832e-03   1.0972365e-02
   2.4122335e-01  -7.0334313e-01   8.8767273e-01  -8.3596270e-03  -4.7307838e-03   1.1160056e-02
   2.1579082e-01  -7.2533136e-01   9.1625250e-01  -8.3050624e-03  -4.9422628e-03   1.0911004e-02
   2.1679853e-01  -7.0743206e-01   9.3221808e-01  -7.8513020e-03  -5.0215547e-03   1.1178215e-02
   2.1162351e-01  -6.9502105e-01   9.4585959e-01  -8.1029038e-03  -4.8727606e-03   1.0908248e-02
   2.0460516e-01  -7.2300157e-01   9.0594463e-01  -8.2635024e-03  -5.2024182e-03   1.0984203e-02
   2.0258428e-01  -7.0599899e-01   9.7564619e-01  -8.4577126e-03  -4.9446589e-03   1.1061862e-02
   1.8674379e-01  -7.4720716e-01   9.3620249e-01  -8.4140245e-03  -5.1320322e-03   1.0754583e-02
   1.9083726e-01  -7.0969188e-01   8.5922685e-01  -8.3411419e-03  -4.9446390e-03   1.0793982e-02
   1.9146184e-01  -7.5055487e-01   9.1663519e-01  -8.5018138e-03  -5.0514215e-03   1.0637596e-02
   1.9742794e-01  -7.3379342e-01   8.8860111e-01  -8.4120254e-03  -5.0067829e-03   1.0890102e-02
   1.8035271e-01  -8.5727437e-01   9.0982279e-01  -8.0591688e-03  -5.2949058e-03   1.0727573e-02
   1.5051228e-01  -9.2456293e-01   7.5319703e-01  -6.3631210e-03  -4.6535028e-03   8.9066326e-03
   1.8638401e-01  -7.4806284e-01   6.8968041e-01  -5.2968526e-03  -5.2768370e-03   1.0238760e-02
   1.9277768e-01  -7.0004269e-01   6.9326738e-01  -5.8400931e-03  -6.0386842e-03   1.0436883e-02
   1.7608219e-01  -6.9265331e-01   7.5216650e-01  -4.9017377e-03  -5.3991073e-03   1.0115973e-02
   1.8118621e-01  -6.5830921e-01   7.6848309e-01  -4.5924232e-03  -5.3229750e-03   1.0258656e-02
   2.0625570e-01  -6.7992894e-01   7.8823178e-01  -4.3894908e-03  -5.0648241e-03   1.0818166e-02
   2.0072256e-01  -6.8979195e-01   7.6670406e-01  -5.0564036e-03  -5.1646439e-03   1.0927446e-02
   2.2381778e-01  -7.0354200e-01   7.8507279e-01  -5.2950470e-03  -5.0833817e-03   1.1056091e-02
   2.1736170e-01  -6.6641858e-01   7.7879269e-01  -4.4449190e-03  -5.3138971e-03   1.0878472e-02
   2.2470515e-01  -6.5173863e-01   7.5250129e-01  -4.5405991e-03  -5.3126172e-03   1.0916603e-02
   2.3004010e-01  -6.4386161e-01   7.7805734e-01  -4.4944759e-03  -5.0870203e-03   1.1068476e-02
   2.1781923e-01  -6.9366202e-01   7.6163072e-01  -4.9218402e-03  -5.5375661e-03   1.0853816e-02
   2.0090277e-01  -6.7378839e-01   8.0575042e-01  -4.3291431e-03  -5.6279536e-03   1.0867732e-02
   2.1391003e-01  -6.7856527e-01   7.4673762e-01  -4.7611258e-03  -5.9304262e-03   1.0846412e-02
   2.0378774e-01  -6.7375675e-01   7.6066537e-01  -4.6218417e-03  -5.7593291e-03   1.0972345e-02
   2.1406386e-01  -6.8463577e-01   7.1112387e-01  -4.6781060e-03  -6.2175969e-03   1.1182084e-02
   1.6565531e-01  -7.0436741e-01   8.2994265e-01  -5.3729999e-03  -5.8979822e-03   1.0112753e-02
   2.4738393e-01  -7.3208116e-01   7.8342704e-01  -6.0580870e-03  -6.7495705e-03   1.1278332e-02
   2.8408555e-01  -7.5000050e-01   7.4237989e-01  -5.7164681e-03  -8.4349181e-03   1.1707327e-02
   2.5645693e-01  -7.7064008e-01   7.5254714e-01  -6.0302539e-03  -7.3190586e-03   1.1564076e-02
   2.1912509e-01  -7.5371837e-01   7.0625256e-01  -4.9635712e-03  -8.6549776e-03   1.1022948e-02
   2.3289326e-01  -7.6607140e-01   7.6155082e-01  -5.6648763e-03  -7.5063617e-03   1.0571304e-02
   2.6998825e-01  -7.7470388e-01   7.4137262e-01  -6.3695209e-03  -7.5473288e-03   1.0915722e-02
   2.7226668e-01  -7.7131143e-01   7.9631775e-01  -6.3198427e-03  -7.6965973e-03   1.0981013e-02
   2.2159901e-01  -7.7154485e-01   7.8276654e-01  -6.2451243e-03  -7.7991233e-03   1.0011960e-02
   2.0468317e-01  -7.6382902e-01   7.7791417e-01  -5.9325841e-03  -8.0428932e-03   1.0003626e-02
   2.0938155e-01  -7.8003229e-01   7.4477756e-01  -5.7873136e-03  -8.3726124e-03   1.0358898e-02
   2.2904888e-01  -7.7256139e-01   7.1943600e-01  -5.9037202e-03  -8.3334967e-03   1.0727786e-02
   2.4891226e-01  -7.9483370e-01   7.0816066e-01  -6.1506703e-03  -8.2685275e-03   1.0625011e-02
   2.2558416e-01  -7.5837338e-01   7.5396203e-01  -5.2036990e-03  -8.1341879e-03   1.0550930e-02
   2.1518081e-01  -8.0207627e-01   7.0139510e-01  -5.8312207e-03  -8.4478342e-03   1.0159860e-02
   2.1212836e-01  -7.8764721e-01   6.8217693e-01  -5.7653512e-03  -8.4678772e-03   1.0177818e-02
   2.3036718e-01  -8.1724442e-01   6.9398002e-01  -6.0586346e-03  -8.5001850e-03   1.0305255e-02
   2.3555581e-01  -7.9534405e-01   7.3708513e-01  -5.4528343e-03  -8.6224256e-03   1.0691623e-02
   2.4500570e-01  -8.0262017e-01   7.4644680e-01  -5.5545885e-03  -8.2655333e-03   1.0502751e-02
   2.6487170e-01  -8.0691715e-01   7.2057384e-01  -5.4224854e-03  -8.3113247e-03   1.0624089e-02
   2.7281139e-01  -8.0466792e-01   7.0147910e-01  -5.1904356e-03  -8.2746354e-03   1.0794149e-02
   2.5226914e-01  -7.6299737e-01   6.6879358e-01  -3.3286080e-03  -8.5421842e-03   1.0549491e-02
   2.6013965e-01  -7.7937766e-01   6.5870198e-01  -4.2247083e-03  -8.7004525e-03   1.0548692e-02
   2.3033282e-01  -7.7470163e-01   7.1578772e-01  -4.1558584e-03  -9.0947884e-03   9.9911259e-03
   2.1819229e-01  -7.2905280e-01   6.8065592e-01  -2.5897063e-03  -9.1966494e-03   9.9889092e-03
   2.5747745e-01  -7.7634281e-01   6.8607490e-01  -4.2213795e-03  -8.8112940e-03   1.0805526e-02
   3.0389719e-01  -8.1347730e-01   6.6034521e-01  -4.1288687e-03  -8.1393251e-03   1.1685300e-02
   3.0710569e-01  -8.0854837e-01   7.1371513e-01  -3.6334593e-03  -7.7154570e-03   1.1768200e-02
   3.0331520e-01  -8.1819842e-01   7.0387087e-01  -3.3590613e-03  -7.7401450e-03   1.1801196e-02
   3.0494313e-01  -8.3786229e-01   7.2511236e-01  -3.5506763e-03  -8.1459827e-03   1.1867553e-02
