   0.0000000e+00   0.0000000e+00   0.0000000e+00   0.0000000e+00   0.0000000e+00   0.0000000e+00
  -2.0277377e-02  -8.4543642e-03   4.6644138e-02  -3.9268374e-04   1.0414518e-04  -8.5062742e-05
  -1.3080091e-02  -3.5792443e-02   1.0257258e-01  -2.2863757e-03   9.7263764e-04  -1.0842742e-04
  -1.6776697e-02  -8.3733144e-02  -3.1521353e-03  -3.3022528e-03   1.1028769e-03   1.4293216e-04
   7.3235784e-03  -2.1483211e-01   9.8625289e-02  -5.7968257e-03   1.2122864e-03   2.6748047e-04
  -6.9900624e-04  -2.5068446e-01   8.3826736e-02  -7.2353796e-03   1.0972048e-03   3.8001214e-05
   2.1034805e-03  -1.6667142e-01   2.1174021e-02  -6.1176012e-03   1.5586987e-03   1.9430168e-04
  -1.2639647e-03  -2.4763795e-01   5.3193831e-02  -7.4781824e-03   1.6859095e-03   1.8057568e-04
   1.1558536e-02  -2.5876595e-01   7.0791480e-02  -7.4276937e-03   1.4989474e-03   4.6340433e-04
  -2.2647063e-04  -2.3951422e-01   3.7126030e-02  -7.8349323e-03   1.3318305e-03   3.3413939e-04
   1.2701095e-02  -2.5319282e-01   1.5440260e-02  -7.7705811e-03   1.4984013e-03   5.7917293e-04
  -1.8799183e-03  -1.5181968e-01  -6.3578874e-02  -6.7169856e-03   2.1968728e-03   2.3909669e-04
   1.6225532e-02   5.2940747e-01  -5.8799395e-01   1.3626921e-02   2.4547241e-03   4.1768757e-04
  -2.9645950e-02   3.7364894e-01  -4.5197820e-01   1.2910809e-02   1.5800803e-03   3.2846963e-04
  -2.4985558e-03   4.9627727e-01  -6.7066781e-01   1.1198911e-02   2.4372053e-03   2.8737307e-04
   1.2816159e-03   3.1525844e-01  -5.5810630e-01   7.1863821e-03   2.7097982e-03   3.1639720e-04
   1.7839227e-03   5.5198931e-01  -5.8127089e-01   1.4869314e-02   1.9347369e-03   5.1871921e-04
   1.0425885e-03   5.2127734e-01  -6.7686602e-01   1.7301440e-02   6.5351109e-04   1.3173932e-03
  -4.3595890e-02   3.1628899e-01  -4.8397402e-01   1.5266769e-02   2.4312700e-04   6.0344820e-05
  -7.9161045e-02   5.7911080e-01  -7.6818879e-01   1.4420791e-02   3.5395195e-04   1.2000524e-04
  -4.4968828e-02   5.5069580e-01  -7.9339822e-01   1.1970096e-02   1.6219268e-03   8.8892176e-05
  -5.9523225e-02   5.2824668e-01  -7.6771469e-01   1.1193405e-02   8.7550346e-04   3.9134517e-04
  -4.1066277e-02   5.4156458e-01  -8.2587911e-01   1.0823579e-02   1.8271638e-03   1.3718696e-04
  -7.2128431e-02   5.0053150e-01  -8.2045940e-01   1.0725211e-02   3.7794933e-04   3.3942735e-04
   7.7756267e-02   4.6575962e-01  -6.8980102e-01   1.1169519e-02   3.2529147e-03   5.9659220e-04
   8.9222228e-03   3.9765078e-01  -8.6492960e-01   8.2495714e-03  -4.9566985e-03   2.5153461e-03
  -2.1044885e-01   3.7175763e-01  -9.9417394e-01   8.1939945e-03  -9.8672133e-03   1.4495412e-03
  -1.5650057e-01   5.6671201e-01  -1.3351043e+00   8.3685744e-03  -5.4593529e-03   5.4973971e-04
  -1.8677779e-01   4.9741315e-01  -1.3332036e+00   8.4408113e-03  -7.3210282e-03   1.1938512e-03
  -1.6790298e-01   5.1569422e-01  -1.3433341e+00   8.1712394e-03  -6.2162828e-03   5.1369880e-04
  -1.8814100e-01   5.2112637e-01  -1.4612960e+00   8.6503479e-03  -6.9235127e-03   9.5077838e-04
  -1.7613788e-01   5.1898560e-01  -1.4061346e+00   8.5662372e-03  -6.2669157e-03   8.4852490e-04
  -1.8752262e-01   4.8818651e-01  -1.4842316e+00   8.2526998e-03  -6.6818948e-03   1.1438020e-03
  -1.7867288e-01   4.7636822e-01  -1.4742156e+00   7.9672431e-03  -6.2203746e-03   9.7206469e-04
  -1.8822957e-01   4.8266714e-01  -1.5271194e+00   8.0463908e-03  -6.6330327e-03   1.1327979e-03
  -1.7886083e-01   4.8397838e-01  -1.4831879e+00   8.0883733e-03  -6.2993359e-03   9.5430506e-04
  -1.8185613e-01   4.5621722e-01  -1.5253664e+00   7.9887810e-03  -6.4865789e-03   1.1581010e-03
  -1.8582562e-01   4.3773315e-01  -1.5040990e+00   8.1594125e-03  -6.5927010e-03   9.9724980e-04
  -1.9433902e-01   4.3722712e-01  -1.6365123e+00   8.4364418e-03  -7.3102688e-03   1.0354616e-03
  -1.7220616e-01   4.4622934e-01  -1.6029245e+00   7.9123357e-03  -6.8613532e-03   8.9629039e-04
  -1.7580394e-01   4.8080147e-01  -1.6586840e+00   8.7608404e-03  -7.7078690e-03   9.9910908e-04
  -1.7283029e-01   4.5688154e-01  -1.6114327e+00   7.9088011e-03  -7.2971649e-03   7.6907144e-04
  -1.9174417e-01   4.6986474e-01  -1.6938353e+00   8.3119788e-03  -7.6646417e-03   9.3635348e-04
  -1.8070370e-01   4.2266090e-01  -1.6581121e+00   7.2068074e-03  -7.2074213e-03   8.9971276e-04
  -1.9528627e-01   4.8817072e-01  -1.7285110e+00   8.1497975e-03  -7.7956515e-03   1.1080264e-03
  -1.7416462e-01   4.1172589e-01  -1.6323016e+00   6.9537487e-03  -7.0582957e-03   1.0264435e-03
  -1.6691561e-01   3.5038127e-01  -1.6395822e+00   5.6181858e-03  -7.3052112e-03   1.5756636e-03
  -1.8023430e-01   2.8080214e-01  -1.5531573e+00   3.7858464e-03  -7.0017107e-03   9.3252695e-04
  -1.8360775e-01   3.8579456e-01  -1.5878608e+00   5.1955362e-03  -7.4839839e-03   1.6563121e-03
  -8.3620780e-02  -1.5015664e-01  -1.1247880e+00  -8.0201449e-03  -2.9502212e-03  -6.3685627e-04
  -8.7575457e-01  -2.4650719e+00  -2.6115418e-01  -6.9488186e-02  -2.2351986e-02  -4.1075167e-03
  -1.0384709e+00  -2.5319808e+00   7.6685497e-03  -8.0202800e-02  -1.6965423e-02  -6.4677139e-03
  -6.3172057e-01  -1.0482358e+00  -2.9251736e-01  -4.9930531e-02  -5.0579080e-03  -7.9521775e-03
  -3.2315863e-01  -1.0952028e+00  -5.0326968e-01  -3.9054312e-02  -4.7644734e-03  -2.7313351e-03
  -1.3879025e-01  -1.0467058e+00   3.6950961e-01  -2.3540216e-02  -2.7006572e-03  -8.0559077e-04
  -1.5610587e-01  -9.4793884e-01   4.4705338e-01  -2.4484105e-02  -1.9702137e-03  -9.6906417e-04
  -1.0732177e-01  -8.8772479e-01   2.5943117e-01  -2.4604378e-02  -9.9538159e-04  -9.3387825e-04
  -1.0507181e-01  -1.1030752e+00   3.8922226e-01  -3.1749097e-02  -1.2681450e-03  -8.5783932e-04
  -7.4087402e-03  -4.6598323e-01   2.1614517e-01  -1.0647189e-02   7.0181930e-04  -1.8620735e-04
   9.9521985e-02  -1.0089769e-01   1.7342229e-01   1.6678164e-03   2.3188295e-03   8.4990168e-04
   1.0547061e-01  -2.3094955e-01   2.3268028e-01  -5.1209772e-03   1.9720676e-03   5.7714688e-04
   1.1173978e-01  -2.3505125e-01   2.4301095e-01  -4.8383446e-03   2.2844291e-03   7.3848478e-04
   1.3833636e-01  -1.4731557e-01   1.6602602e-01  -1.1754018e-03   2.4794127e-03   4.8207747e-04
   9.9956201e-02  -1.2313848e-01   2.0310590e-01  -3.0658261e-04   3.1463501e-03   2.2850467e-04
   6.4755988e-02  -1.1137179e-01   6.3429811e-02  -2.1297279e-03   2.3117431e-03  -4.6112343e-05
   9.3703552e-02  -2.2914737e-01   2.9021166e-01  -3.8844763e-03   3.3067212e-03   1.4844745e-04
   6.2872247e-03   6.1609965e-01  -9.6065964e-01   1.6429131e-02  -3.7587831e-03   1.8666292e-03
  -3.6041773e-02   9.5914976e-01  -2.4278637e+00   2.4165240e-02  -3.6627903e-03   9.7581687e-04
  -7.5115229e-02   7.9326057e-01  -1.8421948e+00   1.9559644e-02  -1.7814626e-03   3.7078565e-04
  -6.9644590e-02   9.4398637e-01  -2.0774268e+00   2.2304496e-02  -2.5165231e-03   6.7490124e-04
  -6.5552176e-02   8.0377334e-01  -1.9196393e+00   1.9012081e-02  -2.2786090e-03   6.3255484e-04
  -6.7448717e-02   8.7325919e-01  -2.0726177e+00   2.0731890e-02  -2.6758561e-03   8.2247390e-04
  -6.2430426e-02   8.1576504e-01  -2.0205577e+00   1.9088824e-02  -2.9006690e-03   7.2013525e-04
  -6.7603617e-02   8.8035910e-01  -2.1195540e+00   2.0035850e-02  -2.7565490e-03   7.8399969e-04
  -6.4058769e-02   7.4775474e-01  -2.0576201e+00   1.7737139e-02  -3.3120755e-03   7.7468130e-04
  -8.6700094e-02   8.0544978e-01  -2.1278256e+00   1.8581795e-02  -2.9652903e-03   8.4464409e-04
  -6.0454245e-02   7.1158131e-01  -2.0397626e+00   1.6987653e-02  -4.0002027e-03   1.1373411e-03
  -9.6424010e-02   8.4318638e-01  -2.1607323e+00   1.9099968e-02  -2.8552339e-03   5.1319029e-04
   2.5838693e-02   5.2409824e-01  -1.8127763e+00   1.5766196e-02  -9.6839615e-03   2.3934850e-03
  -2.0728263e-02   6.4915898e-01  -1.7218981e+00   1.6585477e-02  -1.1153512e-02   3.1205023e-03
  -6.8161792e-02   7.2695380e-01  -1.7501433e+00   1.6522479e-02  -5.4652472e-03   1.8030509e-03
  -9.9852937e-02   7.4740847e-01  -1.7137186e+00   1.6513787e-02  -6.5222887e-03   1.5839054e-03
  -7.4645871e-02   7.5103722e-01  -1.8074588e+00   1.6218592e-02  -5.1009687e-03   1.4659948e-03
  -2.1900327e-02   6.9830589e-01  -1.6721067e+00   1.5796284e-02  -5.3022824e-03   2.1124615e-03
  -3.0642820e-02   6.8792659e-01  -1.8359256e+00   1.6295323e-02  -3.8188205e-03   1.6845043e-03
  -8.2869358e-04   7.9403406e-01  -2.0807534e+00   1.7305768e-02  -4.3250676e-03   1.5477049e-03
  -1.1454198e-01   1.1702030e+00  -2.7797511e+00   2.5412764e-02  -3.2992794e-03   7.9467091e-04
  -1.8564842e-01   1.0550093e+00  -2.7814154e+00   2.4674493e-02  -4.9602086e-03   4.8357486e-04
  -1.6290142e-01   9.7231325e-01  -2.4596618e+00   2.2317211e-02  -4.3792767e-03   3.2854083e-04
  -1.8630108e-01   1.0409951e+00  -2.6087705e+00   2.2954506e-02  -5.0250352e-03   1.3402434e-04
  -1.8465452e-01   9.4725665e-01  -2.5649433e+00   2.1503666e-02  -4.0886058e-03   1.5100247e-04
  -1.9841497e-01   9.6085299e-01  -2.6110095e+00   2.2266832e-02  -4.9108344e-03   3.0206419e-04
  -1.9594974e-01   9.4632472e-01  -2.5858993e+00   2.1703027e-02  -4.1304730e-03   1.3470157e-04
  -2.0385421e-01   9.8448218e-01  -2.6149608e+00   2.2131415e-02  -4.6874566e-03   3.4495137e-04
  -1.9757662e-01   9.4329190e-01  -2.6075122e+00   2.1445060e-02  -3.7634183e-03   2.2759303e-04
  -2.0881070e-01   9.5410388e-01  -2.6008296e+00   2.2037503e-02  -4.7530062e-03   2.7419640e-04
  -2.0037188e-01   9.3814174e-01  -2.6199397e+00   2.1493282e-02  -3.8740559e-03   2.7253005e-04
  -2.0669466e-01   9.5592289e-01  -2.6279577e+00   2.1973967e-02  -4.8006483e-03   3.6125453e-04
  -1.9454932e-01   9.2878572e-01  -2.6347525e+00   2.1474205e-02  -3.4750811e-03   4.1195225e-04
  -2.0455159e-01   9.1915174e-01  -2.6192941e+00   2.1401605e-02  -4.6206833e-03   5.4961831e-04
  -1.9520177e-01   9.3301914e-01  -2.6564011e+00   2.1473623e-02  -3.5028767e-03   4.0661101e-04
  -2.0462181e-01   9.3248750e-01  -2.6504015e+00   2.1161370e-02  -4.7278790e-03   6.6297857e-04
  -1.8350900e-01   9.3853710e-01  -2.6814991e+00   2.1441401e-02  -3.4274685e-03   5.1693221e-04
  -1.9286207e-01   9.4278817e-01  -2.6667859e+00   2.1698848e-02  -4.8277655e-03   6.5213547e-04
  -1.9643186e-01   9.3907658e-01  -2.6697445e+00   2.1666890e-02  -3.2452847e-03   4.2427869e-04
  -2.1155720e-01   9.5342496e-01  -2.6648453e+00   2.1639930e-02  -5.0236913e-03   6.2955880e-04
  -1.8797040e-01   9.6803161e-01  -2.7102744e+00   2.1645337e-02  -2.9291344e-03   4.3241893e-04
  -2.1041587e-01   9.5034290e-01  -2.6343338e+00   2.1284123e-02  -5.3837422e-03   6.5024530e-04
  -1.8132452e-01   9.5399430e-01  -2.7207040e+00   2.1346304e-02  -2.5193943e-03   5.8213237e-04
  -2.2527372e-01   9.4654837e-01  -2.6462891e+00   2.0864078e-02  -6.4724535e-03   8.5176785e-04
  -1.5047490e-01   9.9226608e-01  -2.7872693e+00   2.1679016e-02  -6.7776354e-04   3.9508530e-04
  -3.8582606e-01   8.8406402e-01  -2.3649826e+00   1.9184988e-02  -2.0405193e-02   2.2121437e-03
  -3.8926676e-01   7.0845799e-01  -2.1900388e+00   1.5373208e-02  -2.1582449e-02   9.8947913e-05
  -1.1702998e-01   7.6093811e-01  -2.1439848e+00   1.7239902e-02  -5.3700559e-03  -4.8597003e-04
  -2.1697057e-01   6.7651949e-01  -1.7803522e+00   1.4447168e-02  -8.8547009e-03  -1.0900384e-03
  -1.2303698e-01   6.6390982e-01  -1.8383643e+00   1.3525572e-02  -4.2732430e-03  -1.2869832e-03
  -1.4609965e-01   6.1758789e-01  -1.7310670e+00   1.3024476e-02  -7.2101091e-03  -6.8610537e-04
  -1.0836758e-01   6.3662318e-01  -1.7598467e+00   1.2789632e-02  -4.9561092e-03  -8.0800878e-04
  -1.3525431e-01   5.9527739e-01  -1.7203548e+00   1.1894149e-02  -6.8472358e-03  -6.1226908e-04
  -9.6368919e-02   5.9690536e-01  -1.7723629e+00   1.1340784e-02  -5.2200212e-03  -5.2313577e-04
  -1.1401968e-01   5.6306640e-01  -1.6957015e+00   1.1022320e-02  -6.7394870e-03  -5.1007240e-04
  -7.9974713e-02   5.7301856e-01  -1.6780387e+00   1.1142860e-02  -5.6060224e-03  -4.3114526e-04
  -1.0322722e-01   5.4012314e-01  -1.6305917e+00   1.0264343e-02  -6.6990488e-03  -3.2875767e-04
  -6.4090896e-02   5.3437174e-01  -1.5955984e+00   1.0368165e-02  -5.7281988e-03  -3.7727811e-04
  -8.4685482e-02   4.8880753e-01  -1.5276636e+00   1.0014266e-02  -6.1833925e-03  -3.2572923e-04
  -5.5521071e-02   4.8018272e-01  -1.5127966e+00   9.5791897e-03  -5.4690052e-03  -2.5708557e-04
  -9.2301557e-02   4.5468911e-01  -1.5223059e+00   8.6186590e-03  -6.1451103e-03  -1.3646719e-04
  -4.7091249e-02   4.8669542e-01  -1.4742989e+00   8.9285863e-03  -5.3031467e-03  -4.4921690e-05
  -8.2649819e-02   3.7747095e-01  -1.4003635e+00   6.8860119e-03  -5.8379739e-03  -5.8846458e-05
  -5.4733782e-03   3.0285162e-01  -7.3578553e-01   1.5830058e-02  -6.3979445e-03  -6.6072321e-04
   1.1307752e-01   3.4793429e-01  -1.4242127e-01   2.3822592e-02  -3.8539048e-03  -3.0620359e-03
   1.1602084e-01   3.6105743e-01  -2.7093848e-01   1.8277035e-02  -3.0035756e-03  -3.0439941e-03
   1.2970008e-01   2.9335544e-01  -1.7319135e-01   1.9489452e-02  -3.1742536e-03  -3.2261945e-03
   1.1556294e-01   2.6893430e-01  -2.5649737e-01   1.4682099e-02  -2.5578100e-03  -2.8225083e-03
   7.3996001e-02   2.8084148e-01  -3.2135853e-01   1.7259655e-02  -4.6805124e-03  -2.7596040e-03
   8.1026280e-02   3.1618542e-01  -6.0520923e-01   1.1813428e-02  -4.0022180e-03  -2.1039905e-03
  -7.1342118e-03   4.7972140e-01  -6.0851399e-01   3.1124022e-02  -5.3525484e-03  -3.8535234e-03
  -9.9909708e-02   1.0707721e+00  -1.2966736e+00   3.7828016e-02  -7.4427719e-03  -3.1882808e-03
  -2.8672624e-02   8.5982569e-01  -9.7317723e-01   2.5575510e-02  -7.1716590e-03  -1.3948455e-03
  -6.9948616e-02   8.7781065e-01  -8.3965464e-01   2.7979531e-02  -6.5301767e-03  -1.9952142e-03
  -6.1089572e-02   7.8539426e-01  -8.3173783e-01   2.3657279e-02  -6.5774680e-03  -1.8636165e-03
   1.7054916e-02   7.1878562e-01  -6.8435638e-01   2.4371082e-02  -6.2410007e-03  -1.1381148e-03
   3.4684595e-02   6.6565117e-01  -6.1947038e-01   2.2521651e-02  -6.5722447e-03  -1.0461711e-03
   2.2517310e-02   6.4433526e-01  -6.0959127e-01   2.3296538e-02  -6.6642251e-03  -8.9310289e-04
   4.1318661e-02   5.9885865e-01  -5.5483981e-01   2.1877276e-02  -6.9074088e-03  -9.0714585e-04
   4.5875965e-02   5.9741993e-01  -6.1533005e-01   2.2439898e-02  -6.4536466e-03  -7.0504727e-04
   3.7834580e-02   5.8679518e-01  -6.5687318e-01   2.1900182e-02  -6.9823875e-03  -7.2464498e-04
   3.1853724e-02   6.2365653e-01  -5.9867131e-01   2.2367404e-02  -6.5780317e-03  -8.0114495e-04
   3.7180022e-02   6.3451285e-01  -6.7553568e-01   2.2118537e-02  -6.5933228e-03  -7.4476469e-04
   4.3696287e-02   6.1588556e-01  -6.4438843e-01   2.1212832e-02  -6.8004946e-03  -4.3764284e-04
   3.0913237e-02   5.7563082e-01  -5.9219505e-01   2.0208701e-02  -6.8393017e-03  -5.0302772e-04
   6.3907919e-02   4.7795971e-01  -5.7941737e-01   1.9291615e-02  -6.6219867e-03  -1.3972292e-04
   6.3091069e-02   5.0287331e-01  -5.3226692e-01   1.8734705e-02  -6.7798931e-03  -2.4622240e-04
   6.1055294e-02   4.8352683e-01  -4.9224138e-01   1.8737067e-02  -6.4247398e-03  -2.6855369e-04
   6.2271158e-02   4.8990720e-01  -4.7891505e-01   1.8595659e-02  -6.6522243e-03  -1.0031290e-04
   5.5315709e-02   4.6651821e-01  -4.5809743e-01   1.7899177e-02  -6.7581991e-03  -1.3255177e-04
   5.5004896e-02   4.0808808e-01  -4.2694956e-01   1.6819175e-02  -6.7481297e-03  -1.4989887e-04
   6.4305288e-02   4.3123497e-01  -3.5727243e-01   1.6849803e-02  -6.4300420e-03  -1.4852563e-04
   7.6785506e-03   5.3271738e-01  -9.8211978e-01   1.6636751e-02  -7.5238488e-03  -2.8003773e-04
   3.1831983e-02   6.0174540e-01  -1.2610328e+00   1.9107224e-02  -7.2250832e-03   2.4473211e-04
   3.1037911e-03   5.8234260e-01  -1.1011812e+00   1.7588470e-02  -7.2965640e-03  -3.6761806e-04
   1.5533170e-02   5.8399877e-01  -1.2774594e+00   1.8216605e-02  -6.9500394e-03  -1.7126596e-04
   1.2755056e-02   5.6061539e-01  -1.2736828e+00   1.7793704e-02  -6.6916065e-03  -2.0405205e-04
   1.0987182e-02   5.8096310e-01  -1.3002223e+00   1.8115869e-02  -6.8635976e-03  -1.8298251e-04
   1.9812135e-03   5.5741781e-01  -1.2297125e+00   1.7250533e-02  -7.0263395e-03  -3.9752249e-04
   1.2683402e-02   5.6782854e-01  -1.3143047e+00   1.7713254e-02  -6.8286964e-03  -1.2542136e-04
   2.0097156e-02   5.2077927e-01  -1.2343906e+00   1.6462696e-02  -6.9850648e-03  -3.3826685e-04
   6.0253135e-03   5.7931994e-01  -1.2995465e+00   1.7404983e-02  -6.9605358e-03  -2.5931421e-04
   3.2653322e-03   5.1779627e-01  -1.2584868e+00   1.6234489e-02  -7.3273188e-03  -2.8552799e-04
   1.5488934e-02   5.4886437e-01  -1.3046815e+00   1.6504853e-02  -7.0993016e-03  -1.4872943e-04
   4.0453916e-02   4.8024078e-01  -1.2348724e+00   1.5562012e-02  -7.1595174e-03  -3.5680133e-05
   2.2525152e-02   5.1854258e-01  -1.1779998e+00   1.6651354e-02  -7.1537433e-03  -2.5499003e-04
   2.7425666e-02   4.2902423e-01  -1.0737777e+00   1.4947588e-02  -7.4382355e-03  -2.4926988e-04
   1.0435976e-02   4.6933869e-01  -1.1266991e+00   1.5292018e-02  -7.0605832e-03  -1.6456101e-04
   5.6086458e-02   3.7090013e-01  -1.0617571e+00   1.3553779e-02  -7.3264532e-03  -5.1374282e-05
  -3.5412303e-02   4.8142644e-01  -1.0949805e+00   1.4982285e-02  -6.5369644e-03  -5.0457843e-04
  -2.3387379e-01   4.0580902e-01  -1.1019258e+00   1.0573496e-02  -7.4762641e-03  -1.8642816e-03
   2.6023004e-02   2.5405430e-01  -5.6241022e-01   9.8778640e-03  -7.0693969e-03  -5.8981419e-04
   1.2335307e-02   2.2857865e-01  -4.7897109e-01   9.0008715e-03  -6.6250763e-03  -7.1127064e-04
   3.2538283e-02   2.4084582e-01  -5.2235671e-01   9.3945493e-03  -7.1889113e-03  -2.8197230e-04
   2.0985773e-02   2.0075562e-01  -4.2498992e-01   8.8665889e-03  -7.1683137e-03  -5.0974935e-04
   1.8855068e-02   1.8849493e-01  -4.4179884e-01   8.2286322e-03  -7.5492166e-03  -3.5892739e-04
  -1.3544574e-02   1.4184244e-01  -4.7104751e-01   7.0843067e-03  -7.5885903e-03  -7.3504914e-04
  -1.8413809e-02   2.4250966e-01  -5.8575000e-01   8.4603029e-03  -7.2988385e-03  -9.6523036e-04
  -2.9684706e-02   2.8973907e-01  -5.9593843e-01   1.0394634e-02  -6.8304312e-03  -9.8365906e-04
  -3.8761484e-02   1.5696525e-01  -4.7414630e-01   7.6022643e-03  -7.2407301e-03  -9.8290959e-04
  -3.5504100e-02   1.7546304e-01  -5.0782871e-01   7.3710372e-03  -6.9763171e-03  -1.0105675e-03
  -2.1150722e-02   2.1996703e-01  -5.5120367e-01   8.1200639e-03  -6.8294774e-03  -7.3115742e-04
  -3.3799046e-02   2.0551944e-01  -4.6042591e-01   8.4721250e-03  -7.0092203e-03  -8.6250215e-04
  -1.8599759e-03   1.4848699e-01  -4.3363138e-01   7.6458556e-03  -7.2765554e-03  -4.8860356e-04
  -5.6133853e-03   1.1685395e-01  -4.5403732e-01   7.0371297e-03  -7.1929614e-03  -8.0154724e-04
   1.8959883e-03   1.2721341e-01  -4.5141992e-01   6.4229850e-03  -7.3669233e-03  -5.6690395e-04
  -1.6673051e-02   1.1126717e-01  -4.0085457e-01   5.8824505e-03  -7.3068871e-03  -9.6746151e-04
  -5.8554161e-04  -2.8139609e-03  -3.0155744e-01   3.8515871e-03  -7.4779647e-03  -5.0119376e-04
  -2.3226252e-02   3.0494921e-02  -3.2586955e-01   4.5126182e-03  -7.6830465e-03  -7.6727991e-04
   1.0264077e-02   4.5823554e-02  -2.7506539e-01   4.2573851e-03  -7.9100799e-03  -3.6301841e-04
  -3.7101642e-02   1.4006061e-01  -6.1405855e-01   4.5189600e-03  -7.6929308e-03  -7.0433105e-04
  -5.3477795e-02   1.7152864e-01  -7.9789433e-01   5.5809705e-03  -7.9455542e-03  -7.2358835e-04
  -5.8239738e-02   1.1575293e-01  -5.5121303e-01   4.5126992e-03  -7.4652012e-03  -8.3572938e-04
  -4.1373647e-02   1.1675332e-01  -5.2465924e-01   4.2281492e-03  -7.6910492e-03  -6.1273230e-04
  -1.0432450e-02   8.4986724e-02  -4.7086386e-01   3.8651713e-03  -7.2442851e-03  -5.5568852e-04
   9.5156760e-04   4.0877206e-02  -4.3681423e-01   3.0686190e-03  -7.8412149e-03  -5.2032903e-05
  -5.2834555e-03  -3.0022682e-03  -3.7621051e-01   3.4029065e-03  -7.8123879e-03  -4.9112780e-04
   7.3267095e-04   6.1831895e-02  -4.9735980e-01   3.4858065e-03  -8.1433624e-03  -2.8333540e-04
   1.6412338e-02  -8.7418960e-02  -4.0257327e-01   3.4664384e-03  -7.8478106e-03  -3.7831998e-04
   4.7207829e-03   7.9960445e-03  -4.8528462e-01   3.1088343e-03  -7.8617599e-03   8.0949236e-05
  -1.0592352e-02  -2.1664845e-02  -5.2958806e-01   3.3660944e-03  -7.8469610e-03  -3.5135431e-04
  -6.2791875e-04  -1.6586531e-02  -5.4959058e-01   2.1674824e-03  -7.6095844e-03  -1.2800911e-04
  -3.0260780e-03  -1.6245676e-02  -5.3571516e-01   3.5654388e-03  -7.2785756e-03  -3.9220547e-04
  -8.1465039e-03  -3.8425337e-02  -4.8905647e-01   1.8744143e-03  -7.5135026e-03  -3.0966961e-04
  -8.8940407e-03  -1.5226863e-02  -5.7910847e-01   3.5721883e-03  -7.3589295e-03  -3.5648865e-04
  -9.5893846e-03  -4.7385086e-02  -4.6106798e-01   1.0503034e-03  -7.7966616e-03  -2.0845622e-04
  -3.0485341e-02   4.4587796e-01  -1.1653926e+00   1.6587450e-02  -7.4947805e-03  -4.1430414e-04
  -4.1128851e-02   6.8864215e-01  -1.4491808e+00   2.2741583e-02  -6.4080945e-03   2.2419989e-05
  -7.0482005e-02   4.2023414e-01  -1.2176733e+00   1.4734963e-02  -6.2108274e-03  -6.1627496e-04
  -7.7785357e-02   6.7503316e-01  -1.3886632e+00   1.9321537e-02  -6.4155356e-03  -2.2267481e-04
  -1.6804761e-01   6.2527221e-01  -2.2128471e+00   1.7322228e-02  -6.4603534e-03  -1.5464899e-03
  -6.3402170e-02   3.7436555e-01  -1.6468024e+00   1.8256501e-02  -7.5798706e-03  -6.8393912e-05
  -1.0303841e-01   6.9931550e-01  -1.2129150e+00   1.8590625e-02  -6.7703358e-03  -2.6183632e-04
  -5.4645754e-02   6.0870657e-01  -1.3346848e+00   1.7350826e-02  -6.4050216e-03   1.9669644e-04
  -7.8838772e-02   4.6408756e-01  -1.1446792e+00   1.1244294e-02  -6.5775775e-03  -4.9165375e-04
  -7.1737331e-02   4.4020155e-01  -1.1624433e+00   1.2409609e-02  -6.7766862e-03  -1.0239851e-04
  -8.4452457e-02   4.2571369e-01  -1.0384069e+00   1.1292875e-02  -6.5656329e-03  -7.8165058e-04
  -7.8134378e-02   3.5636987e-01  -1.0577199e+00   1.1810834e-02  -6.6547854e-03  -2.5230004e-04
  -1.0906180e-01   3.1102721e-01  -9.5756560e-01   1.0178190e-02  -6.6592150e-03  -1.8867137e-03
  -2.1662971e-01   2.2628283e-01  -9.4094773e-01   9.7769920e-03  -7.0818300e-03  -3.3113424e-03
  -2.1795603e-01   2.0923452e-01  -8.2173543e-01   8.6933655e-03  -6.2954066e-03  -3.9612693e-03
  -2.3140339e-01   2.3385005e-01  -8.5491311e-01   9.0683311e-03  -7.0388607e-03  -3.9331315e-03
  -2.4203513e-01   1.8750454e-01  -8.3308174e-01   7.5513310e-03  -6.5312500e-03  -4.3160935e-03
  -2.4986827e-01   2.0760113e-01  -8.5654379e-01   8.3372312e-03  -6.8346011e-03  -3.7973651e-03
  -2.6393061e-01   1.2249729e-01  -8.0720459e-01   6.7103032e-03  -6.2486014e-03  -4.4055089e-03
  -2.6255235e-01   1.4827697e-01  -8.6789230e-01   7.6637246e-03  -7.0420339e-03  -3.8085974e-03
  -2.7202482e-01   7.5813505e-02  -8.3893110e-01   5.7849624e-03  -6.3430694e-03  -4.5714878e-03
  -2.6619023e-01   1.1047388e-01  -8.4456304e-01   6.9829283e-03  -7.0406222e-03  -3.4847829e-03
  -2.7487587e-01   7.5645520e-02  -7.9287356e-01   5.7022558e-03  -6.3189464e-03  -4.8277831e-03
  -2.7716803e-01   1.1720075e-01  -8.4488609e-01   6.9364932e-03  -7.5370580e-03  -3.4824447e-03
  -2.3319458e-01  -4.9322387e-03  -8.3624805e-01   3.8191018e-03  -5.8973617e-03  -4.9382629e-03
  -2.8609078e-01  -7.4999445e-02  -9.5833906e-01   1.4459644e-03  -9.0002316e-03  -2.7505750e-03
  -3.5013949e-01  -1.3898135e+00  -1.8368662e-01  -2.9798960e-02   2.4032552e-03  -1.6560977e-02
  -6.2726803e-01  -2.1762233e+00   5.1068818e-01  -6.0692068e-02   2.3844525e-02  -3.0442078e-02
  -8.1507482e-01  -1.7940554e+00   8.7915188e-01  -4.6572275e-02   1.6056767e-02  -2.2585470e-02
  -7.7266204e-01  -1.6218031e+00   1.1003650e+00  -4.7296232e-02   1.9576266e-02  -2.7217074e-02
  -6.8702242e-01  -1.5231143e+00   6.8935676e-01  -4.5187643e-02   1.5471385e-02  -2.1129384e-02
  -3.5496472e-01  -1.2675913e+00   4.0391224e-01  -3.4450882e-02   1.1414465e-02  -1.6261259e-02
  -2.8928269e-01  -1.0959125e+00   1.5454993e-01  -2.8379356e-02   9.5149885e-03  -1.4063480e-02
  -5.2336399e-01  -1.2643454e+00   1.9201368e-01  -3.2501190e-02   5.8653650e-03  -1.7549212e-02
  -5.1770884e-01  -1.2795357e+00   3.9300939e-01  -3.0264583e-02   7.0724304e-03  -1.6221396e-02
  -5.4033623e-01  -8.3635717e-01   1.5499575e-01  -2.7371224e-02   3.4933160e-03  -1.4904936e-02
  -3.2739841e-01  -1.4172569e-01  -7.2157673e-01  -1.6462144e-02   3.1014325e-03  -1.1018692e-02
  -2.8409066e-01  -3.3162845e-01  -3.2834599e-01  -7.4917083e-03  -6.1960407e-03  -5.9803896e-03
  -6.3339712e-01   1.1477982e-01  -3.7507463e-01   2.4500274e-03  -1.6890962e-02  -4.0535744e-03
  -5.2124590e-01  -1.0632115e-01  -4.2011266e-01  -3.6406393e-03  -1.1582949e-02  -6.1963213e-03
  -5.7708793e-01   3.1323938e-02  -5.7069810e-01  -2.0781276e-03  -1.2405005e-02  -5.7674270e-03
  -5.1556764e-01  -1.4731891e-01  -5.5946356e-01  -5.3629083e-03  -1.0095406e-02  -6.3688805e-03
  -5.6349143e-01  -5.0319864e-02  -5.2567908e-01  -2.9825548e-03  -1.1470197e-02  -5.9153659e-03
  -5.0768676e-01  -1.8862005e-01  -5.3314848e-01  -5.8007804e-03  -1.0272344e-02  -6.4340630e-03
  -5.7345059e-01  -8.3470233e-02  -5.0884180e-01  -4.1545165e-03  -1.1328764e-02  -6.1132860e-03
  -4.9319963e-01  -1.5820751e-01  -9.0968105e-01  -6.7128334e-03  -9.2322740e-03  -7.1199544e-03
  -6.6158605e-01   3.9939141e-01  -3.3618750e+00   5.6177357e-03  -7.4923501e-03  -9.0817594e-03
  -5.2584519e-01   2.9351365e-01  -3.0526208e+00   5.8489916e-03  -6.4616691e-03  -6.8375285e-03
  -4.7181066e-01   3.1080770e-01  -2.5183759e+00   4.9334284e-03  -4.7344528e-03  -6.3533563e-03
  -4.6278550e-01   3.2062707e-01  -2.7831858e+00   2.8648557e-03  -4.3512390e-03  -6.7417663e-03
  -4.6734608e-01   3.3577698e-01  -2.5576136e+00   3.6941142e-03  -4.3753227e-03  -6.6133131e-03
  -4.6461694e-01   3.3942338e-01  -2.6824248e+00   2.2264750e-03  -4.3676199e-03  -6.9642889e-03
  -4.6917734e-01   3.4140568e-01  -2.5613869e+00   3.5796017e-03  -4.9190666e-03  -6.6682716e-03
  -5.0210171e-01   2.9002883e-01  -2.6835134e+00   6.8897420e-04  -4.4615273e-03  -7.7571013e-03
  -6.6488546e-01   6.3636931e-01  -2.6064901e+00   1.5894536e-02  -1.7320301e-02  -2.0669191e-03
  -5.7770853e-01   1.1078154e+00  -3.3586934e+00   2.5888124e-02  -1.8414756e-02   9.8709340e-04
  -6.2986883e-01   1.1713472e+00  -3.4407383e+00   2.7037072e-02  -1.5131752e-02  -1.7428204e-03
  -5.7978983e-01   1.2818901e+00  -3.5671462e+00   2.8279953e-02  -1.6348947e-02  -1.1353055e-03
  -6.0855714e-01   1.2548494e+00  -3.2054309e+00   3.0917806e-02  -1.2210291e-02  -2.5190833e-03
  -5.6316600e-01   8.8138436e-01  -2.2796749e+00   1.6966179e-02  -1.4507238e-02  -3.4775849e-03
  -4.1751530e-01   7.1450079e-01  -2.7433719e+00   1.0770264e-02  -9.2176105e-03  -5.2398246e-03
  -3.8794894e-01   7.4638674e-01  -2.8968863e+00   1.2793588e-02  -7.7476890e-03  -3.4667749e-03
  -4.1709102e-01   7.7903006e-01  -3.0157790e+00   1.1553381e-02  -7.9013208e-03  -5.8811039e-03
  -3.6792175e-01   6.1329606e-01  -2.7423363e+00   9.8232974e-03  -7.9765908e-03  -4.3576258e-03
  -3.2797562e-01   6.9196366e-01  -2.8759716e+00   8.9686571e-03  -7.1746431e-03  -5.0755416e-03
  -3.3942814e-01   5.8642705e-01  -2.9127047e+00   9.5579187e-03  -8.7438780e-03  -3.1197165e-03
  -5.4543901e-01   3.1669953e-01  -3.0528747e+00  -7.9302842e-03  -6.0668011e-03  -9.7348205e-03
   1.0422242e-01  -3.4348513e+00  -1.5136769e+00  -1.0522108e-01   2.0662181e-02  -7.3877710e-03
   4.5446428e-01  -4.2407349e+00  -1.8058924e+00  -1.4435163e-01   2.2766532e-02   3.3506484e-03
  -8.7337086e-02  -3.3669891e+00  -2.8786969e+00  -1.1237788e-01  -1.4373559e-02   3.7267104e-02
   2.2864424e-01  -3.1461179e+00  -3.1815903e+00  -9.1957728e-02  -5.1726824e-02   8.8913466e-02
   5.3546411e-01  -2.4947897e+00  -3.7270714e+00  -9.1628477e-02  -4.6047067e-02   7.9338746e-02
  -9.4508480e-03  -1.8812523e+00  -3.2635919e+00  -7.4283749e-02  -1.6652502e-02   4.8851089e-02
  -6.0966828e-01  -1.6526637e+00  -2.4071863e+00  -7.2036629e-02  -2.3388286e-03   1.2135969e-02
  -3.2256929e-01  -1.7772309e+00  -2.1621647e+00  -7.1704159e-02  -1.1361864e-02   1.8963913e-02
  -5.5484000e-01  -2.0110169e+00  -2.8398745e+00  -6.4215940e-02  -1.1148817e-02   1.3500586e-02
  -6.4612089e-01  -1.6479254e+00  -3.2747288e+00  -5.4898971e-02  -1.2445452e-02   1.4382350e-02
