   0.0000000e+00   0.0000000e+00   0.0000000e+00   0.0000000e+00   0.0000000e+00   0.0000000e+00
  -1.3589711e-02   6.4080692e-03   3.5746985e-02   1.6253354e-04  -1.9680729e-05  -2.0615948e-04
  -8.6220645e-02  -3.5117318e-02   9.0801896e-02  -1.5007881e-03  -2.5444546e-04  -1.8414036e-03
  -3.8074879e-02  -1.6715534e-02   9.3641523e-02  -9.1566218e-04   1.1018640e-03  -1.9813241e-03
   1.1551315e-02   3.6218129e-02   5.2412919e-02   3.1579544e-04   1.4453656e-03  -1.4370180e-03
   8.4331603e-03   2.3906423e-02   6.7177303e-02  -1.3544260e-04   1.8434759e-03  -1.5814320e-03
  -2.2380967e-02  -3.5335464e-03   9.1572107e-02  -6.9422331e-04   1.8662732e-03  -2.1097027e-03
  -5.2747622e-02  -2.7984030e-02   9.2883070e-02  -1.0350784e-03   1.8653144e-03  -2.6598365e-03
  -5.0196429e-02  -9.0394194e-03   7.4945358e-02  -3.9241378e-04   1.9505871e-03  -2.5176443e-03
  -8.0664900e-02   4.6819153e-03   6.2712486e-02  -3.9986227e-04   1.7666772e-03  -2.9530884e-03
  -1.0310598e-01  -2.4614612e-02   4.5787638e-02  -6.5430158e-04   1.6420064e-03  -3.0569375e-03
  -9.8598859e-02  -4.7350570e-02   9.7962766e-02  -7.4230589e-04   2.1958272e-03  -3.5609656e-03
  -3.9439130e-02  -1.9650804e-01  -4.5333906e-02  -5.0705315e-03   2.2131622e-03  -2.2466079e-03
  -7.6677235e-02  -1.1259359e-01  -1.3616737e-01  -4.0827111e-03   9.6217476e-04  -1.8128357e-03
  -1.0467729e-01  -1.0559735e-01  -2.1647578e-02  -3.7000034e-03   1.1603303e-03  -2.7120114e-03
  -1.1195062e-01  -1.2688785e-01  -9.8058653e-03  -4.5062504e-03   1.2330692e-03  -3.0450777e-03
  -9.3723324e-02  -1.5021159e-01  -4.5518270e-02  -4.5430350e-03   1.6471223e-03  -3.0694671e-03
  -1.3324456e-01  -1.2303199e-01  -4.2694046e-02  -4.0217257e-03   1.0973620e-03  -3.2878719e-03
  -1.4964208e-01  -1.1174898e-01  -5.0110008e-02  -3.8296154e-03   1.1385958e-03  -3.5863827e-03
  -1.4497009e-01  -1.4999033e-01  -7.2260236e-02  -4.5331405e-03   1.0576877e-03  -3.6386902e-03
  -9.1933548e-02  -1.5133954e-01  -4.1111585e-02  -4.6197074e-03   1.4563521e-03  -3.4758497e-03
  -1.2456002e-01  -1.3622375e-01  -2.0637464e-02  -3.8093438e-03   1.4218490e-03  -4.0426809e-03
  -1.4473972e-01  -1.6900603e-01   4.1695940e-03  -4.2451078e-03   1.3741711e-03  -4.4344180e-03
  -1.5516996e-01  -1.8334368e-01   1.9523834e-03  -4.2574406e-03   1.2860540e-03  -4.4880977e-03
  -1.5829453e-01  -2.0310216e-01   1.9500604e-02  -4.6559093e-03   1.4819862e-03  -4.6451297e-03
  -1.6213155e-01  -2.0850421e-01   8.8291356e-03  -4.5175732e-03   1.4903380e-03  -4.7340012e-03
  -1.7190461e-01  -2.3047647e-01   2.5927769e-02  -4.8441771e-03   1.4726205e-03  -4.8301332e-03
  -1.8843739e-01  -2.2554524e-01  -1.0661651e-02  -4.6306739e-03   1.5243911e-03  -5.0992839e-03
  -1.5582531e-01  -2.4925203e-01  -5.4086731e-03  -5.1923396e-03   1.7607541e-03  -4.9070058e-03
  -1.7039763e-01  -2.3339213e-01   1.8683504e-02  -4.7763320e-03   1.4883806e-03  -5.2070319e-03
  -1.8350682e-01  -2.1237711e-01  -8.3779725e-03  -4.2097517e-03   1.3776194e-03  -5.3232769e-03
  -1.7793754e-01  -2.5258911e-01   4.0548420e-03  -4.4482123e-03   1.2143795e-03  -5.2293227e-03
  -1.8929381e-01  -2.6017447e-01  -1.9837621e-02  -5.0529356e-03   1.3271815e-03  -5.4741103e-03
  -2.1282375e-01  -2.2542208e-01  -2.0158183e-02  -4.4433983e-03   1.2941144e-03  -5.7342391e-03
  -2.1252498e-01  -2.0370273e-01  -1.7006443e-02  -3.8400519e-03   1.4209531e-03  -5.6595606e-03
  -2.1472500e-01  -2.2326389e-01  -7.0378721e-03  -4.2015106e-03   1.2085267e-03  -5.5010135e-03
  -2.0207426e-01  -2.3483322e-01  -6.6111372e-02  -4.7418730e-03   1.1451884e-03  -5.1421875e-03
  -1.7565908e-01  -2.0897442e-01  -6.8616197e-02  -4.2446840e-03   1.4820582e-03  -4.7084779e-03
  -2.1025120e-01  -1.8352923e-01  -6.4720794e-02  -3.6700952e-03   1.0592496e-03  -4.7333296e-03
  -1.6498659e-01  -2.3456172e-01  -2.2902139e-02  -4.4626062e-03   6.2200048e-04  -4.3069684e-03
  -1.6717611e-01  -2.1309520e-01  -2.9974197e-02  -3.9853017e-03   7.7229345e-04  -4.2506930e-03
  -2.1795097e-01  -1.9611049e-01  -5.2329605e-02  -3.7186657e-03   7.5832373e-04  -4.9988560e-03
  -2.2791453e-01  -1.9609412e-01  -3.8964736e-02  -3.8140459e-03   8.4917060e-04  -5.0584206e-03
  -2.3607312e-01  -2.0787268e-01  -2.2983037e-03  -3.5772381e-03   8.0512329e-04  -5.2043121e-03
  -2.4053616e-01  -2.1866275e-01  -3.9985267e-02  -4.1938442e-03   8.3886995e-04  -5.0383045e-03
  -2.0345289e-01  -2.4409716e-01  -4.7333277e-02  -4.9566221e-03   7.3771273e-04  -4.4274590e-03
  -2.2877271e-01  -1.9264127e-01  -6.0169507e-02  -3.8632628e-03   6.2705862e-04  -4.6073747e-03
  -1.8793646e-01  -2.2075405e-01  -7.2198240e-02  -4.0221664e-03   7.8980478e-04  -4.0629849e-03
  -2.0757832e-01  -2.4464419e-01  -7.3324129e-02  -4.3522261e-03   9.2145709e-05  -3.8815071e-03
  -2.4148652e-01  -2.2404907e-01  -7.8965959e-02  -4.2707778e-03   4.3233192e-04  -4.4619654e-03
  -2.4891884e-01  -2.2962917e-01  -4.2525501e-02  -4.4250273e-03   3.2118026e-04  -4.2767139e-03
  -2.6145383e-01  -2.1926125e-01  -6.9361504e-02  -4.0805943e-03   3.0367426e-04  -4.4150302e-03
  -2.5026657e-01  -2.3664061e-01  -5.5139230e-02  -4.1230342e-03   4.7313952e-04  -4.3435808e-03
  -2.5374161e-01  -2.7765310e-01  -4.1837940e-02  -5.3339599e-03   4.5427968e-04  -4.8248962e-03
  -2.4884716e-01  -2.5653876e-01  -5.9940304e-02  -4.4749964e-03   7.5141929e-04  -4.8265719e-03
  -2.7417763e-01  -2.1791930e-01  -7.3097427e-02  -3.9369212e-03   7.0087658e-04  -5.2116203e-03
  -2.6373552e-01  -2.4088035e-01  -5.5196162e-02  -3.9454077e-03   9.9039196e-04  -5.0037282e-03
  -2.6160471e-01  -2.6306278e-01  -3.4452770e-02  -4.6042632e-03   8.6763270e-04  -5.0234510e-03
  -2.8425671e-01  -2.6768899e-01  -7.2996092e-02  -4.4055875e-03   6.1390816e-04  -5.2579826e-03
  -3.0021669e-01  -2.3738171e-01  -8.0954990e-02  -3.8119526e-03   5.2126948e-04  -5.5726535e-03
  -2.2720260e-01  -2.8650362e-01  -4.9579370e-02  -4.3329393e-03  -1.5663096e-04  -4.3422308e-03
  -2.7945922e-01  -2.8098428e-01  -8.7910908e-02  -4.5018538e-03   6.1577723e-05  -4.8512805e-03
  -3.0577572e-01  -2.7830984e-01  -8.5642872e-02  -4.4044439e-03   2.6626982e-04  -5.3718742e-03
  -3.1705358e-01  -2.2709209e-01  -9.4721008e-02  -3.4607084e-03   3.1353596e-04  -5.5232025e-03
  -3.1557257e-01  -2.3835110e-01  -9.5853799e-02  -3.9273558e-03   4.8286130e-04  -5.4917080e-03
  -3.1491545e-01  -2.4803902e-01  -1.0053030e-01  -3.9484609e-03   7.2272898e-04  -5.7726377e-03
  -2.9721366e-01  -2.8760866e-01  -9.0080393e-02  -4.7220688e-03   7.4156859e-04  -5.8253333e-03
  -2.9363009e-01  -2.2590399e-01  -5.2657060e-02  -3.4543509e-03   6.3894331e-04  -5.8414676e-03
  -2.9194805e-01  -3.3010445e-01  -2.2415761e-01  -4.7822436e-03   4.9450027e-04  -5.2175595e-03
  -3.3101351e-01  -3.1240159e-01  -4.0158597e-01  -6.8766923e-03  -2.2790465e-04  -5.8121754e-03
  -3.3062456e-01  -2.7504687e-01  -2.8433971e-01  -4.9794692e-03  -3.4406214e-04  -6.2836470e-03
  -3.6988648e-01  -2.8456308e-01  -3.4931676e-01  -5.9132893e-03  -5.0745895e-04  -6.2246323e-03
  -3.9660623e-01  -2.6609256e-01  -2.9095132e-01  -4.9602101e-03  -8.6116523e-04  -6.4301339e-03
  -4.5030691e-01  -2.7300501e-01  -2.9468079e-01  -5.1519891e-03  -8.2954328e-04  -7.3013865e-03
  -4.2389527e-01  -2.9026647e-01  -2.7161155e-01  -5.0950756e-03  -5.6070130e-04  -7.0167190e-03
  -4.2837717e-01  -3.0405915e-01  -2.9636164e-01  -5.1925449e-03  -7.9291346e-04  -6.7227928e-03
  -4.4297246e-01  -2.9173052e-01  -2.6403473e-01  -4.8710660e-03  -6.8589730e-04  -7.0802361e-03
  -4.6856100e-01  -3.2022124e-01  -2.6334800e-01  -4.9570014e-03  -5.4164466e-04  -7.5672733e-03
  -4.5600444e-01  -3.3554024e-01  -2.4778159e-01  -5.2753663e-03  -4.9146678e-04  -7.7548102e-03
  -4.5056680e-01  -3.3997955e-01  -2.7392172e-01  -5.2176627e-03  -3.3791475e-04  -7.8128858e-03
  -4.6236047e-01  -3.1629759e-01  -2.4686923e-01  -4.9547500e-03  -6.9469557e-04  -7.7717107e-03
  -4.7290429e-01  -3.2854899e-01  -2.3266730e-01  -4.9129092e-03  -5.7059790e-04  -7.8818917e-03
  -4.5189735e-01  -3.3883011e-01  -2.5220176e-01  -5.0293948e-03  -5.1112538e-04  -7.8949243e-03
  -4.4943049e-01  -3.0957954e-01  -3.0510835e-01  -4.7028096e-03  -6.1087080e-04  -7.6626827e-03
  -4.7417137e-01  -2.8583592e-01  -3.1694182e-01  -4.3007276e-03  -8.7496287e-04  -7.8209994e-03
  -4.1310821e-01  -3.2589059e-01  -2.6891097e-01  -4.2673193e-03  -1.4872237e-03  -7.3773586e-03
  -4.8925428e-01  -3.2053274e-01  -2.8127055e-01  -4.4322815e-03  -1.4626686e-03  -8.7948815e-03
  -4.7359652e-01  -2.9801460e-01  -3.6451726e-01  -4.2271509e-03  -1.3410861e-03  -8.2548695e-03
  -5.0553860e-01  -2.5809191e-01  -3.5302162e-01  -3.6456542e-03  -1.4679036e-03  -8.3901748e-03
  -5.4170322e-01  -2.1252579e-01  -3.9924772e-01  -2.7070891e-03  -1.5791634e-03  -8.7657312e-03
  -5.4078397e-01  -2.1748499e-01  -3.6901580e-01  -2.9628448e-03  -1.1267403e-03  -9.0601625e-03
  -5.1382923e-01  -2.3151518e-01  -3.4772977e-01  -2.9776237e-03  -1.0667493e-03  -8.6795088e-03
  -5.5729732e-01  -2.2049395e-01  -3.8074158e-01  -2.9188576e-03  -1.5249000e-03  -9.0103487e-03
  -5.7904456e-01  -2.1386798e-01  -3.4193278e-01  -2.4375527e-03  -1.6565125e-03  -9.1070377e-03
  -5.7670297e-01  -2.2792838e-01  -3.4797109e-01  -2.6613185e-03  -1.0448088e-03  -9.3028366e-03
  -5.6730177e-01  -2.3849932e-01  -3.3054343e-01  -2.7046474e-03  -9.8811274e-04  -9.2081896e-03
  -6.0634746e-01  -2.4365083e-01  -3.6703536e-01  -2.7816527e-03  -1.3695234e-03  -9.8117333e-03
  -6.0788200e-01  -2.1165481e-01  -3.7721466e-01  -2.1419253e-03  -1.4771439e-03  -9.7014271e-03
  -6.2665622e-01  -2.4821911e-01  -3.7273480e-01  -2.8482497e-03  -1.1344290e-03  -9.9709796e-03
  -5.8730605e-01  -2.6935340e-01  -3.7048607e-01  -3.1182672e-03  -1.2930300e-03  -9.5577075e-03
  -5.3276589e-01  -3.3934830e-01  -6.5157162e-01  -5.4794308e-03  -1.2039254e-03  -8.8159391e-03
  -5.9984278e-01  -1.9561362e-01  -6.3527225e-01  -3.0545067e-03  -1.8317169e-03  -9.3363624e-03
  -6.3405802e-01  -1.5700461e-01  -5.6352360e-01  -1.8778450e-03  -1.9197062e-03  -9.7507225e-03
  -6.1150215e-01  -2.0525067e-01  -5.3617744e-01  -2.7744294e-03  -1.1517989e-03  -1.0025699e-02
  -6.3354244e-01  -1.9901053e-01  -5.2977891e-01  -2.2356136e-03  -1.5911160e-03  -9.9135843e-03
  -6.5572185e-01  -2.0896954e-01  -5.8190433e-01  -2.9156191e-03  -1.9248900e-03  -1.0227867e-02
  -6.2531760e-01  -2.4109903e-01  -5.4540772e-01  -3.0341581e-03  -1.9516855e-03  -9.5076820e-03
  -6.3921892e-01  -2.2897725e-01  -6.1177129e-01  -3.5531103e-03  -2.8586055e-03  -8.5169288e-03
  -6.3411993e-01  -2.2046143e-01  -8.4584055e-01  -3.6903572e-03  -3.2176262e-03  -7.8507720e-03
  -6.4381557e-01  -1.9481341e-01  -7.6152191e-01  -2.5844728e-03  -3.0800373e-03  -8.3028907e-03
  -6.6151558e-01  -1.9101959e-01  -7.1788918e-01  -2.1002997e-03  -2.6466123e-03  -9.1302743e-03
  -6.6080524e-01  -2.0423237e-01  -6.8912385e-01  -2.1996306e-03  -2.1265246e-03  -9.3888744e-03
  -6.5522065e-01  -2.2992750e-01  -6.8083973e-01  -2.0791599e-03  -2.2499537e-03  -9.2703811e-03
  -7.0133255e-01  -2.0952134e-01  -7.0496764e-01  -1.9797971e-03  -2.7420927e-03  -9.4106325e-03
  -7.0225321e-01  -1.9980236e-01  -6.7238353e-01  -1.7782833e-03  -2.6133546e-03  -9.5455726e-03
  -6.9658723e-01  -2.3359201e-01  -6.4548804e-01  -2.0351750e-03  -2.4000964e-03  -9.5441488e-03
  -6.8396188e-01  -2.5290260e-01  -6.5872170e-01  -2.4139130e-03  -2.8313413e-03  -9.1742984e-03
  -7.0215370e-01  -2.2756193e-01  -6.6958082e-01  -2.1120883e-03  -2.9464436e-03  -9.0359493e-03
  -7.2223135e-01  -2.2218278e-01  -6.3763130e-01  -2.2832187e-03  -2.9808094e-03  -9.4763806e-03
  -7.3237729e-01  -2.3745053e-01  -6.4168194e-01  -2.5432458e-03  -3.1585127e-03  -9.4723251e-03
  -7.4622715e-01  -2.4314765e-01  -6.4160198e-01  -2.2413799e-03  -3.5248263e-03  -9.7150271e-03
  -7.5686430e-01  -2.0974286e-01  -6.7588342e-01  -1.9840651e-03  -3.3332691e-03  -9.6195799e-03
  -7.2843807e-01  -2.5406381e-01  -6.2679072e-01  -2.6067381e-03  -3.4340347e-03  -9.8442459e-03
  -6.9531551e-01  -2.6643664e-01  -6.2271705e-01  -2.2395583e-03  -3.5590958e-03  -9.6731862e-03
  -7.2933258e-01  -2.3898794e-01  -6.3390238e-01  -2.2513064e-03  -3.6152597e-03  -9.9653713e-03
  -7.4238652e-01  -2.1574130e-01  -6.5246922e-01  -1.9677129e-03  -3.5258193e-03  -1.0012897e-02
  -7.5313747e-01  -2.1524152e-01  -6.5435542e-01  -1.6724459e-03  -3.4875330e-03  -1.0155065e-02
  -7.6503306e-01  -2.1392056e-01  -6.4551401e-01  -1.5707546e-03  -3.6048741e-03  -1.0080773e-02
  -7.5045479e-01  -2.8403986e-01  -6.3723356e-01  -3.1138941e-03  -3.4212566e-03  -1.0182546e-02
  -7.1948680e-01  -2.5826016e-01  -6.0928439e-01  -2.3821632e-03  -3.3385053e-03  -9.8437955e-03
  -7.3425209e-01  -2.0026001e-01  -6.1779248e-01  -1.3638154e-03  -3.2194984e-03  -1.0140642e-02
  -7.1537263e-01  -2.0793346e-01  -6.1357178e-01  -1.0978795e-03  -3.2358869e-03  -9.8756956e-03
  -7.1812862e-01  -2.1618375e-01  -6.1900998e-01  -1.7688128e-03  -3.0630472e-03  -1.0169296e-02
  -7.2700527e-01  -2.3983357e-01  -5.7860936e-01  -1.8366231e-03  -2.9296818e-03  -1.0110542e-02
  -7.4815116e-01  -2.0020485e-01  -6.2743258e-01  -1.2434840e-03  -3.1037999e-03  -1.0220730e-02
  -7.4962523e-01  -1.9304854e-01  -6.3775876e-01  -1.1609715e-03  -2.8252245e-03  -1.0253816e-02
  -7.4576482e-01  -2.2171734e-01  -6.3396810e-01  -1.3324600e-03  -2.6353574e-03  -1.0372989e-02
  -7.6195494e-01  -2.3574088e-01  -6.4314019e-01  -1.5917222e-03  -3.0059697e-03  -1.0461751e-02
  -7.8759551e-01  -2.0839101e-01  -6.4213886e-01  -1.3464898e-03  -3.0566626e-03  -1.0848276e-02
  -7.3203060e-01  -2.4943996e-01  -6.4098945e-01  -1.8516952e-03  -2.4713992e-03  -1.0456259e-02
  -7.5332272e-01  -2.4937519e-01  -6.5317632e-01  -1.5727274e-03  -2.5277017e-03  -1.0556415e-02
  -7.6050405e-01  -2.3246454e-01  -6.8167048e-01  -1.3815639e-03  -2.6086347e-03  -1.0511723e-02
  -7.5974490e-01  -2.2474017e-01  -6.5693968e-01  -1.4836294e-03  -2.5514195e-03  -1.0390082e-02
  -7.6871370e-01  -1.9780849e-01  -7.0305799e-01  -1.0753460e-03  -2.8036111e-03  -1.0163846e-02
  -7.6465485e-01  -1.8463259e-01  -7.0189268e-01  -6.8352456e-04  -2.6467503e-03  -1.0388201e-02
  -7.5895647e-01  -2.2780273e-01  -6.9528974e-01  -1.2269880e-03  -2.9067545e-03  -1.0299150e-02
  -7.9759028e-01  -1.8202634e-01  -6.7556624e-01  -2.1104946e-04  -3.0891548e-03  -1.0731577e-02
  -7.7282889e-01  -1.5078432e-01  -8.8007838e-01  -1.9821817e-04  -3.4774586e-03  -9.4716347e-03
  -7.9753734e-01  -1.2995176e-01  -9.8264482e-01  -4.9607057e-04  -3.9297636e-03  -9.2063676e-03
  -7.8549533e-01  -1.1432075e-01  -9.1048186e-01  -1.9579274e-04  -4.3400502e-03  -8.9403370e-03
  -7.3239794e-01  -2.4071620e-01  -9.6004573e-01  -2.9190200e-03  -5.1434225e-03  -7.2445810e-03
  -7.7615598e-01  -2.1912084e-01  -9.1935268e-01  -2.7548716e-03  -4.9529943e-03  -8.2665212e-03
  -7.8869311e-01  -1.8565323e-01  -9.7448182e-01  -1.3079754e-03  -5.1350689e-03  -7.9550852e-03
  -8.0871710e-01  -1.8290600e-01  -9.7380410e-01  -9.3293138e-04  -5.5158863e-03  -8.2570803e-03
  -8.3014417e-01  -1.2132365e-01  -1.0534948e+00   2.3293165e-04  -5.6543888e-03  -8.0795770e-03
  -8.5167536e-01  -9.9351351e-02  -1.0078463e+00   7.5046595e-04  -5.7431502e-03  -8.3657007e-03
  -8.5111859e-01  -1.3209415e-01  -1.0360207e+00   3.5570550e-04  -5.8711529e-03  -8.2014661e-03
  -8.7674049e-01  -1.2150032e-01  -1.0566426e+00   2.2715197e-04  -5.8562084e-03  -9.0447549e-03
  -8.2123884e-01  -2.0933544e-01  -1.0704116e+00  -1.0271613e-03  -5.9705217e-03  -7.9648957e-03
  -8.0100119e-01  -4.5099792e-01  -1.0479062e+00  -9.1482906e-03  -6.6584455e-03  -6.7914873e-03
  -8.4798171e-01  -2.5581767e-01  -1.1102316e+00  -4.8754374e-03  -7.2994555e-03  -7.5103234e-03
  -8.9575262e-01  -2.3478150e-01  -1.1341866e+00  -4.0400514e-03  -7.1612461e-03  -8.1034241e-03
  -8.5884980e-01  -2.5219691e-01  -1.0867839e+00  -4.4867268e-03  -7.4929648e-03  -7.8180855e-03
  -9.3822412e-01  -1.7028660e-01  -1.1661839e+00  -2.4356663e-03  -7.7923681e-03  -8.3581562e-03
  -7.9215748e-01  -3.2438846e-01  -9.8040185e-01  -4.8142037e-03  -7.7540671e-03  -7.3395499e-03
  -7.3411155e-01  -4.8341759e-01  -9.1400988e-01  -6.9219642e-03  -7.6896425e-03  -7.3342604e-03
  -8.5604893e-01  -3.4022687e-01  -1.0147376e+00  -4.1432669e-03  -7.8572378e-03  -8.3192540e-03
  -8.7227614e-01  -3.0864717e-01  -1.0288719e+00  -3.5072337e-03  -7.8128990e-03  -8.1763430e-03
  -8.9423349e-01  -2.1753378e-01  -1.0860480e+00  -1.7760220e-03  -7.7929382e-03  -8.2490533e-03
  -9.2229336e-01  -2.1264669e-01  -1.1041369e+00  -1.5552505e-03  -7.8960198e-03  -8.6469860e-03
  -8.9573627e-01  -2.3232680e-01  -1.0724302e+00  -1.7924140e-03  -7.5446082e-03  -8.5387465e-03
  -8.9531554e-01  -2.4907817e-01  -1.0779930e+00  -2.1690385e-03  -7.6503662e-03  -8.3248438e-03
  -9.3557046e-01  -2.1894470e-01  -1.0849686e+00  -1.5075333e-03  -7.9932765e-03  -8.7297376e-03
  -9.6916111e-01  -1.9736069e-01  -1.1377776e+00  -1.1537783e-03  -7.8070118e-03  -9.4036950e-03
  -9.4076423e-01  -2.2477996e-01  -1.1230437e+00  -1.1085393e-03  -7.7290105e-03  -9.3616664e-03
  -9.7278139e-01  -2.4588116e-01  -1.1048980e+00  -1.6299658e-03  -8.0312098e-03  -9.1865177e-03
  -9.3079117e-01  -2.1016433e-01  -1.1013436e+00  -7.7943004e-04  -7.9739359e-03  -9.0635421e-03
  -7.6991520e-01  -4.1869924e-01  -7.0524477e-01  -2.9076231e-03  -7.6348516e-03  -8.1249458e-03
  -8.3074180e-01  -3.4172815e-01  -1.0045229e+00  -1.9720589e-03  -7.2371880e-03  -9.3609889e-03
  -7.3493745e-01  -2.3481051e-01  -1.2888699e+00  -3.8072576e-04  -6.4848700e-03  -7.3383604e-03
  -7.9632862e-01  -2.0942011e-01  -1.1991161e+00  -7.0184193e-04  -6.4131965e-03  -8.7178782e-03
  -8.3749482e-01  -2.6829024e-01  -1.2323413e+00  -2.2810077e-03  -7.6003434e-03  -8.7091976e-03
  -8.6400740e-01  -2.9345845e-01  -1.1179571e+00  -1.6459404e-03  -7.9051559e-03  -9.5098178e-03
  -9.2462119e-01  -2.5344180e-01  -1.1627178e+00  -6.4522235e-04  -8.3537548e-03  -1.0510497e-02
  -9.7336863e-01  -2.0256914e-01  -1.1521029e+00   1.7771706e-04  -8.6859564e-03  -1.0884535e-02
  -9.9952116e-01  -1.9203822e-01  -1.1921663e+00   4.3366390e-04  -8.5242354e-03  -1.1159236e-02
  -1.0216596e+00  -1.7819565e-01  -1.1872194e+00   1.0311468e-03  -8.5354997e-03  -1.1620689e-02
  -9.9158524e-01  -2.2527913e-01  -1.1732042e+00   5.7078016e-04  -8.5764310e-03  -1.1272610e-02
  -1.0347484e+00  -1.7495440e-01  -1.1823234e+00   1.2317771e-03  -9.0205793e-03  -1.1465218e-02
  -1.0298355e+00  -2.2832148e-01  -1.2206290e+00   6.1510800e-04  -8.7844737e-03  -1.1569655e-02
  -1.0556865e+00  -1.4595107e-01  -1.2296408e+00   1.4349472e-03  -9.0400946e-03  -1.1904236e-02
  -8.9090493e-01  -4.2160038e-01  -1.0465806e+00  -2.2210201e-03  -7.7626481e-03  -9.8251020e-03
  -6.3930064e-01  -6.1581314e-01  -8.9928939e-01  -5.9525373e-03  -6.1799146e-03  -6.2525616e-03
  -7.2313190e-01  -3.2033638e-01  -7.9123134e-01  -1.1725171e-03  -6.7280491e-03  -8.1604243e-03
  -8.2945736e-01  -3.5777245e-01  -8.6199348e-01  -1.1344476e-03  -7.5188068e-03  -9.1626202e-03
  -8.8167458e-01  -3.1763171e-01  -8.8598229e-01  -4.6658030e-04  -7.9398458e-03  -9.8948942e-03
  -8.9773404e-01  -3.3054169e-01  -8.6910920e-01  -3.1437903e-04  -8.1903161e-03  -1.0154712e-02
  -9.0094884e-01  -3.3829258e-01  -8.5434857e-01  -7.5120785e-04  -8.3175056e-03  -1.0094472e-02
  -9.2237019e-01  -3.6411179e-01  -8.7606968e-01  -1.1397247e-03  -8.3528885e-03  -1.0502483e-02
  -9.5034506e-01  -3.2438090e-01  -8.5709548e-01   4.2821840e-04  -8.7134034e-03  -1.0684767e-02
  -9.7410132e-01  -2.9277040e-01  -9.0571550e-01  -7.4666479e-05  -8.9050795e-03  -1.0979059e-02
  -9.8329536e-01  -2.6961897e-01  -9.2349166e-01   8.2156179e-04  -8.9543472e-03  -1.0933209e-02
  -9.8348049e-01  -2.5343455e-01  -9.4952959e-01   6.7866143e-04  -9.0495056e-03  -1.0964654e-02
  -9.9242954e-01  -2.5786229e-01  -9.0333148e-01   9.1549968e-04  -9.3528442e-03  -1.1104403e-02
  -9.6157273e-01  -3.0602993e-01  -1.0449623e+00  -6.5032616e-04  -8.9712080e-03  -1.0631040e-02
  -9.0588886e-01  -2.7639049e-01  -1.2326835e+00  -7.7563470e-04  -8.5859745e-03  -1.0031181e-02
  -9.4138625e-01  -3.7647351e-01  -1.0999763e+00  -2.5564027e-03  -8.4222204e-03  -1.0792517e-02
  -9.6691610e-01  -2.9625879e-01  -1.1660531e+00  -7.1226841e-04  -9.1819001e-03  -1.0662994e-02
  -9.8047103e-01  -2.3547223e-01  -1.1775169e+00   8.8738531e-04  -9.3979613e-03  -1.0797591e-02
  -1.0123896e+00  -2.5493399e-01  -1.1654138e+00   5.7181601e-04  -9.6093928e-03  -1.1052613e-02
  -1.0387159e+00  -2.1251948e-01  -1.1917006e+00   1.7290832e-03  -9.9079208e-03  -1.1356982e-02
  -1.0348829e+00  -2.4488734e-01  -1.1847815e+00   1.0072187e-03  -9.8333413e-03  -1.1490255e-02
  -1.0348262e+00  -2.0600657e-01  -1.2242426e+00   2.4328524e-03  -1.0306520e-02  -1.1215011e-02
  -1.0037019e+00  -3.0720038e-01  -1.2877317e+00  -9.9201344e-04  -1.0037855e-02  -1.0944108e-02
  -1.0929492e+00  -2.4889643e-01  -1.2110374e+00   1.0850206e-03  -1.0157776e-02  -1.2377530e-02
  -1.0808982e+00  -2.2515446e-01  -1.2312904e+00   1.9103206e-03  -1.0124398e-02  -1.2359701e-02
  -1.0172012e+00  -2.7039994e-01  -1.1870145e+00   1.1366649e-03  -1.0302694e-02  -1.1165554e-02
  -1.0827291e+00  -2.4085434e-01  -1.2126621e+00   1.7516680e-03  -1.0983144e-02  -1.1590184e-02
  -1.1077696e+00  -1.9636717e-01  -1.2337663e+00   2.5150564e-03  -1.1062734e-02  -1.1937123e-02
  -1.1159435e+00  -1.7821671e-01  -1.2356293e+00   3.2812587e-03  -1.1091206e-02  -1.1969938e-02
  -1.1048725e+00  -2.0535399e-01  -1.2170204e+00   2.8964046e-03  -1.0915176e-02  -1.1989018e-02
  -1.0971338e+00  -2.1692221e-01  -1.2318172e+00   2.8662634e-03  -1.1051461e-02  -1.1748601e-02
  -1.0890196e+00  -2.1265680e-01  -1.2290303e+00   3.2076252e-03  -1.0807635e-02  -1.1774922e-02
  -1.1236619e+00  -2.5857588e-01  -1.2107726e+00   2.4586455e-03  -1.1069881e-02  -1.2222831e-02
  -1.1306548e+00  -2.4098663e-01  -1.2162031e+00   3.0596124e-03  -1.1012038e-02  -1.2308897e-02
  -1.1244099e+00  -2.2251880e-01  -1.2565227e+00   3.5508693e-03  -1.1087302e-02  -1.2179550e-02
  -1.1340516e+00  -1.9944652e-01  -1.2324955e+00   3.7262253e-03  -1.1312635e-02  -1.2292123e-02
  -1.1426532e+00  -1.9107841e-01  -1.2651892e+00   3.8391594e-03  -1.1359926e-02  -1.2329486e-02
  -1.1200747e+00  -2.2134641e-01  -1.2502817e+00   3.3192190e-03  -1.1159555e-02  -1.2134219e-02
  -1.1050464e+00  -2.2895126e-01  -1.2171100e+00   3.0721002e-03  -1.1248096e-02  -1.2066775e-02
  -1.1393420e+00  -1.8953906e-01  -1.2438222e+00   3.7388094e-03  -1.1475659e-02  -1.2451813e-02
  -1.1572687e+00  -1.7743886e-01  -1.2533645e+00   3.9835954e-03  -1.1729095e-02  -1.2343440e-02
  -1.1647427e+00  -1.6684497e-01  -1.2321321e+00   4.0783828e-03  -1.1868112e-02  -1.2449750e-02
  -1.1371362e+00  -1.7589659e-01  -1.2430832e+00   3.9274698e-03  -1.1754844e-02  -1.1904640e-02
  -1.1616745e+00  -1.1369324e-01  -1.2688367e+00   4.6444097e-03  -1.2147481e-02  -1.2035895e-02
  -1.1604190e+00  -1.3287593e-01  -1.2536585e+00   4.7379454e-03  -1.2121415e-02  -1.1962158e-02
  -1.1764342e+00  -1.3457179e-01  -1.2435951e+00   4.9462752e-03  -1.2026166e-02  -1.2460196e-02
  -1.1648203e+00  -1.7523309e-01  -1.2660848e+00   4.3948372e-03  -1.2074411e-02  -1.2032357e-02
  -1.1875321e+00  -1.1995970e-01  -1.2660518e+00   5.2115335e-03  -1.2213447e-02  -1.2332139e-02
  -1.1577343e+00  -1.5886138e-01  -1.2760733e+00   4.4427057e-03  -1.2250612e-02  -1.1817407e-02
  -1.1866178e+00  -5.8590786e-02  -1.3299131e+00   6.3389077e-03  -1.2375595e-02  -1.2321594e-02
  -8.9082346e-01  -5.8862491e-01  -1.3344518e+00  -3.6572502e-03  -1.0253873e-02  -7.7238010e-03
  -8.9279169e-01  -6.6314241e-01  -9.4847129e-01  -7.5829665e-03  -9.6461903e-03  -9.2174013e-03
  -1.0333482e+00  -3.4797537e-01  -1.1055092e+00  -3.1186054e-04  -1.1112800e-02  -1.0288908e-02
  -1.0657271e+00  -3.1880381e-01  -1.1597109e+00   2.5578660e-05  -1.1209458e-02  -1.0710545e-02
  -1.0740211e+00  -2.8845781e-01  -1.1846667e+00   1.4849096e-03  -1.1277869e-02  -1.0778152e-02
  -1.0884759e+00  -2.8188460e-01  -1.1935198e+00   1.3722739e-03  -1.1491794e-02  -1.0890342e-02
  -1.0658089e+00  -2.7198342e-01  -1.2746433e+00   1.6032838e-03  -1.1427087e-02  -1.0390783e-02
  -1.0516144e+00  -2.5065442e-01  -1.2799658e+00   1.4749954e-03  -1.1189655e-02  -1.0054171e-02
  -9.6589932e-01  -3.6152588e-01  -1.2483383e+00   8.4921516e-04  -1.0745874e-02  -9.2365528e-03
  -8.8730664e-01  -4.0859755e-01  -1.3319684e+00  -1.9025454e-03  -1.1115127e-02  -7.0699384e-03
  -9.3340211e-01  -3.2978190e-01  -1.4435836e+00   8.3827500e-04  -1.1195595e-02  -7.7971464e-03
  -7.8898642e-01  -6.7207538e-01  -1.1981018e+00  -6.0533167e-03  -9.3732410e-03  -7.3919785e-03
  -7.5900586e-01  -5.6132286e-01  -1.0356232e+00  -2.9618233e-03  -9.8539918e-03  -6.8074091e-03
  -7.9107767e-01  -4.0348475e-01  -1.2521587e+00   1.6466355e-05  -1.0237965e-02  -6.9821158e-03
  -8.1345997e-01  -3.3583458e-01  -1.1764340e+00   2.3831034e-03  -1.0582600e-02  -6.7799866e-03
  -8.2571465e-01  -3.0342575e-01  -1.3190606e+00   2.3674257e-03  -1.1374345e-02  -6.3663939e-03
  -8.2553279e-01  -2.9021321e-01  -1.2410190e+00   2.8406056e-03  -1.1847379e-02  -5.9825111e-03
  -8.1621918e-01  -2.8731422e-01  -1.2777195e+00   2.5872815e-03  -1.1577416e-02  -5.9574640e-03
  -8.5748105e-01  -2.6801523e-01  -1.4227505e+00   3.1940115e-03  -1.2420005e-02  -5.9955305e-03
  -8.2825828e-01  -6.7957989e-01  -1.4577516e+00  -6.5218537e-03  -1.2138109e-02  -4.6927628e-03
  -8.7026524e-01  -6.1617950e-01  -1.3919582e+00  -7.6969142e-03  -1.2897362e-02  -4.9483144e-03
  -8.6713002e-01  -4.6731318e-01  -1.8686936e+00  -4.3218938e-03  -1.4438118e-02  -3.1015960e-03
  -8.8367166e-01  -4.6380146e-01  -1.8183017e+00  -3.4108754e-03  -1.4455641e-02  -3.5764665e-03
  -9.0045739e-01  -4.3335778e-01  -1.7233604e+00  -8.9693144e-04  -1.3810715e-02  -4.3018875e-03
  -9.5696537e-01  -2.7905218e-01  -1.7733316e+00   2.1572444e-03  -1.4386763e-02  -5.3054030e-03
  -8.6959207e-01  -6.9317937e-01  -1.7691456e+00  -6.5570474e-03  -1.3973960e-02  -4.1823382e-03
  -8.5720777e-01  -5.2374174e-01  -1.8227935e+00  -5.8955284e-03  -1.3706845e-02  -3.9826709e-03
  -8.6852715e-01  -3.6738214e-01  -1.8846403e+00  -4.1104207e-04  -1.4409189e-02  -3.9097384e-03
  -8.8369449e-01  -3.1600386e-01  -1.9257086e+00  -3.8933280e-04  -1.4718236e-02  -4.1647858e-03
  -9.0179307e-01  -3.6114244e-01  -1.9370785e+00  -7.8226564e-05  -1.4905977e-02  -4.2759430e-03
  -8.8942328e-01  -3.5509056e-01  -1.9617823e+00  -1.2155871e-03  -1.4831164e-02  -3.7488221e-03
  -8.9346630e-01  -3.2089089e-01  -1.9743638e+00   8.5986147e-06  -1.5074999e-02  -3.5359904e-03
  -8.0000956e-01  -3.8598543e-01  -1.9710690e+00  -1.6049591e-03  -1.4218538e-02  -2.2616766e-03
  -8.3090717e-01  -2.9538781e-01  -1.8579841e+00   7.7169363e-04  -1.4544649e-02  -2.9946025e-03
  -8.2962978e-01  -3.5681512e-01  -1.9886200e+00  -2.6543870e-04  -1.4696442e-02  -3.3151541e-03
  -8.7613593e-01  -3.3214921e-01  -1.9985772e+00  -1.9355032e-04  -1.5073047e-02  -3.8624933e-03
  -8.7718698e-01  -3.9048890e-01  -1.9306129e+00   2.4477148e-05  -1.4845210e-02  -3.9952649e-03
  -9.1276324e-01  -3.4108840e-01  -2.0011369e+00   7.6914554e-04  -1.4890606e-02  -5.0075361e-03
  -8.8871263e-01  -5.7437300e-01  -1.5978339e+00  -2.1955523e-03  -1.4334054e-02  -5.1931363e-03
  -9.4024258e-01  -4.0632494e-01  -1.6785397e+00   1.5999529e-03  -1.4598365e-02  -4.9507406e-03
  -9.6083001e-01  -2.5291279e-01  -1.8710303e+00   3.1538843e-03  -1.5158697e-02  -5.2453921e-03
  -9.8138648e-01  -2.8262438e-01  -1.8421973e+00   2.4779585e-03  -1.5472897e-02  -5.5263468e-03
  -9.9765034e-01  -2.5495074e-01  -1.8811284e+00   3.1592107e-03  -1.5500983e-02  -5.7742302e-03
  -1.0083748e+00  -2.4975675e-01  -1.8610346e+00   3.6724257e-03  -1.5726530e-02  -5.8243307e-03
  -1.0048752e+00  -2.4725059e-01  -1.8727010e+00   3.5443974e-03  -1.5704633e-02  -5.9599408e-03
  -1.0152997e+00  -2.4477544e-01  -1.8898837e+00   4.2457915e-03  -1.5970119e-02  -6.0417584e-03
  -1.0080315e+00  -2.4390963e-01  -1.8763846e+00   4.0735322e-03  -1.5846563e-02  -6.0139656e-03
  -1.0084836e+00  -2.4858896e-01  -1.8459725e+00   3.8102694e-03  -1.6029431e-02  -5.8166772e-03
