  -1.4210855e-14   0.0000000e+00   0.0000000e+00   0.0000000e+00   0.0000000e+00   0.0000000e+00
  -1.1016337e-02   1.1952739e-02   7.3729909e-02   9.7777390e-05   2.7741233e-04   8.6859430e-05
  -7.5310553e-03  -2.2798672e-02   4.1960070e-02  -1.1845163e-04   3.0436499e-04   6.0663011e-04
   6.5412770e-03  -7.6282480e-02   2.8617288e-02  -6.8352060e-04   5.4139969e-04   1.1542451e-03
   1.2852753e-02  -7.6239014e-02  -4.0309726e-02  -1.9102223e-03   1.5878661e-03   1.7204968e-03
   4.0941839e-02  -5.2848189e-02   3.3531286e-02  -1.7879378e-03   1.0124626e-03   1.7987411e-03
   2.6075283e-02  -1.0600616e-01  -1.5674117e-02  -3.1664440e-03   5.1403763e-04   1.5828515e-03
   9.0920631e-03  -8.0468257e-02  -3.9314806e-02  -2.2344857e-03   5.2249753e-04   1.6330734e-03
  -3.5457416e-01  -3.9775868e-01  -3.2468604e+00  -5.1508714e-03  -1.7718888e-03   4.6708040e-04
  -3.3522991e-01  -4.9762343e-01  -2.1772964e+00  -1.0495280e-02  -1.8140393e-03   5.3652012e-04
  -2.8179934e-01  -3.9399529e-01  -1.3600439e+00  -9.1780033e-03  -1.9286500e-03   1.4132169e-03
  -2.7517238e-01  -4.6811272e-01  -1.5492054e+00  -1.1684036e-02  -1.9958161e-03   1.6507933e-03
  -2.6253350e-01  -4.9485827e-01  -1.3474700e+00  -1.2398707e-02  -2.1097340e-03   2.2338751e-03
  -2.5579832e-01  -5.6875940e-01  -1.3723397e+00  -1.3766590e-02  -2.2368405e-03   2.5707459e-03
  -2.5250269e-01  -5.4557764e-01  -1.2941985e+00  -1.4050215e-02  -2.2999319e-03   2.7546448e-03
  -2.4372661e-01  -5.5185756e-01  -1.3037229e+00  -1.4616946e-02  -2.4784765e-03   2.5975480e-03
  -2.3895212e-01  -5.6769999e-01  -1.2101717e+00  -1.5320419e-02  -2.4353153e-03   3.1730548e-03
  -2.4466426e-01  -6.0375032e-01  -1.1571931e+00  -1.5348194e-02  -2.2797079e-03   3.4605613e-03
  -2.2881641e-01  -5.5304847e-01  -1.0346947e+00  -1.5437064e-02  -1.8943695e-03   3.2522349e-03
  -2.3517558e-01  -5.8300700e-01  -1.0450784e+00  -1.6326874e-02  -2.1198752e-03   2.9928224e-03
  -2.2844188e-01  -6.2993035e-01  -1.0717207e+00  -1.7597229e-02  -2.5430010e-03   3.0423244e-03
  -2.5403574e-01  -6.4232766e-01  -1.0509351e+00  -1.7814287e-02  -2.6504818e-03   3.2607185e-03
  -3.1483238e-01  -6.2531884e-01  -1.0165858e+00  -1.8369202e-02  -2.7626083e-03   2.6602270e-03
  -3.0375504e-01  -6.4390057e-01  -1.0223192e+00  -1.8840642e-02  -3.0242547e-03   2.6495493e-03
  -3.2091044e-01  -6.7752650e-01  -9.9009186e-01  -1.9368389e-02  -3.0499592e-03   2.5773503e-03
  -3.1777817e-01  -7.2297440e-01  -9.6372699e-01  -1.9996174e-02  -3.0691228e-03   3.0825429e-03
  -3.3024554e-01  -7.1894461e-01  -9.2478257e-01  -2.0144105e-02  -2.9575199e-03   2.8933554e-03
  -3.2253714e-01  -7.2167639e-01  -9.6687183e-01  -2.0697043e-02  -2.9065740e-03   3.0130081e-03
  -3.3612256e-01  -7.3826356e-01  -9.4235687e-01  -2.1398664e-02  -3.1023434e-03   2.6741389e-03
  -3.2152688e-01  -7.9125155e-01  -1.0442429e+00  -2.2347670e-02  -3.0250845e-03   3.1647806e-03
  -2.7612730e-01  -7.8959806e-01  -9.7843780e-01  -2.2759352e-02  -2.5784473e-03   3.1762014e-03
  -2.6298146e-01  -8.5422573e-01  -9.5974635e-01  -2.4631083e-02  -2.3132811e-03   2.9477511e-03
  -2.4335982e-01  -8.6773654e-01  -9.3382763e-01  -2.4459324e-02  -2.3755455e-03   3.3831346e-03
  -2.2652542e-01  -8.6397045e-01  -9.6288073e-01  -2.4753858e-02  -2.4494896e-03   3.1730982e-03
  -2.1699887e-01  -8.5701812e-01  -9.3248034e-01  -2.4783628e-02  -2.3195899e-03   3.1777074e-03
  -2.0902700e-01  -9.2152489e-01  -9.2933999e-01  -2.5490396e-02  -2.3593660e-03   3.6286052e-03
  -1.9691496e-01  -9.2698761e-01  -8.9307239e-01  -2.5702683e-02  -2.2858323e-03   3.9119022e-03
  -1.9399625e-01  -9.5586755e-01  -9.1654809e-01  -2.6635927e-02  -2.4205125e-03   3.7957899e-03
  -1.8722868e-01  -9.3162664e-01  -8.8664326e-01  -2.6366306e-02  -2.1255385e-03   4.0568016e-03
  -1.7635522e-01  -9.4095936e-01  -8.9670324e-01  -2.7289598e-02  -2.2026108e-03   4.0876328e-03
  -1.6727429e-01  -9.4432895e-01  -8.7424330e-01  -2.7364414e-02  -2.2251548e-03   4.0861429e-03
  -1.5843782e-01  -9.7240531e-01  -8.8657723e-01  -2.8057857e-02  -2.2792430e-03   4.2550358e-03
  -1.5491667e-01  -9.7348748e-01  -8.7625043e-01  -2.8067906e-02  -2.1634751e-03   4.4222494e-03
  -1.5274584e-01  -1.0044716e+00  -7.9976814e-01  -2.8282016e-02  -2.6792374e-03   4.5603942e-03
  -1.3229247e-01  -9.8715450e-01  -6.6143001e-01  -2.7485700e-02  -2.2723434e-03   5.1148537e-03
  -1.3195960e-01  -1.0211471e+00  -6.6118080e-01  -2.8587547e-02  -2.5485476e-03   5.2645131e-03
  -1.4550063e-01  -1.0387403e+00  -6.7862419e-01  -2.8959804e-02  -2.5886289e-03   5.2539408e-03
  -1.1168067e-01  -9.9627434e-01  -7.0845297e-01  -2.8299361e-02  -2.3914023e-03   5.4018491e-03
  -9.9238640e-02  -1.0340923e+00  -7.0754181e-01  -2.9137257e-02  -2.6394554e-03   5.3580098e-03
  -1.0053761e-01  -1.0599243e+00  -7.2019350e-01  -2.9435262e-02  -2.5269719e-03   5.4355878e-03
  -1.0085943e-01  -1.0771670e+00  -7.0404564e-01  -2.9394281e-02  -2.5044622e-03   5.6607478e-03
  -9.0964684e-02  -1.0462939e+00  -6.9839120e-01  -2.9093582e-02  -2.3419773e-03   6.0589973e-03
  -9.1732553e-02  -1.0494579e+00  -6.9747653e-01  -2.9460419e-02  -2.5347907e-03   5.7995258e-03
  -7.2702310e-02  -1.0337095e+00  -7.0157631e-01  -2.9392779e-02  -2.2872547e-03   6.0078416e-03
  -7.7321641e-02  -1.0911663e+00  -7.1724742e-01  -3.0373370e-02  -2.1466819e-03   5.9598615e-03
  -1.2259432e-01  -1.0866661e+00  -7.1615193e-01  -3.0352610e-02  -2.5455057e-03   5.8554300e-03
  -1.1712858e-01  -1.0838983e+00  -7.2935522e-01  -3.0546910e-02  -2.5003944e-03   5.7810820e-03
  -1.1723169e-01  -1.0666073e+00  -7.3553968e-01  -3.0189930e-02  -2.5742353e-03   5.5438475e-03
  -1.2969862e-01  -1.0877306e+00  -7.5486553e-01  -3.0428512e-02  -2.3425213e-03   5.6631691e-03
  -1.1414748e-01  -1.0980702e+00  -7.4212369e-01  -3.0591876e-02  -2.4015551e-03   5.9155006e-03
  -1.1360004e-01  -1.1000858e+00  -7.1368612e-01  -3.0927747e-02  -2.5888839e-03   5.7083596e-03
  -8.8048933e-02  -1.1007057e+00  -6.9859270e-01  -3.0763421e-02  -2.9594306e-03   5.6005945e-03
  -8.7389402e-02  -1.0821887e+00  -7.0747852e-01  -3.0785127e-02  -2.8042668e-03   5.8490398e-03
  -7.9397285e-02  -1.0908055e+00  -7.3456223e-01  -3.0885671e-02  -2.7715684e-03   6.0007087e-03
  -6.1943404e-02  -1.0590785e+00  -7.2501726e-01  -3.0710325e-02  -2.8979699e-03   5.9999415e-03
  -5.6049030e-02  -1.0957188e+00  -7.1142280e-01  -3.0908143e-02  -2.7029122e-03   5.9932280e-03
  -6.3896230e-02  -1.0991268e+00  -7.2022868e-01  -3.1407836e-02  -2.6591849e-03   6.1967838e-03
  -4.3668927e-02  -9.6073946e-01  -9.0710632e-01  -2.8499715e-02  -1.6788729e-03   5.9726401e-03
  -1.4563317e-02  -9.9910654e-01  -8.5247925e-01  -2.9180306e-02  -1.0914253e-03   5.8044979e-03
  -5.9199596e-02  -1.0100465e+00  -7.7530433e-01  -3.0900064e-02  -1.1596881e-03   5.2975890e-03
  -4.1748368e-02  -1.0466018e+00  -8.0570732e-01  -3.0817084e-02  -9.7045936e-04   5.6561666e-03
  -4.9227674e-02  -1.0740563e+00  -7.5880925e-01  -3.1397165e-02  -1.4161798e-03   6.1036058e-03
  -3.6456701e-02  -1.0697196e+00  -7.7690339e-01  -3.1138354e-02  -1.5901534e-03   6.1987842e-03
  -1.9336973e-02  -1.0573624e+00  -7.5870787e-01  -3.1666193e-02  -1.7854250e-03   6.1066709e-03
   9.5181602e-03  -1.0772393e+00  -7.5918724e-01  -3.1486679e-02  -1.7248386e-03   6.2183573e-03
   1.4065437e-02  -1.1131379e+00  -7.4094476e-01  -3.2226242e-02  -1.8935141e-03   6.3855239e-03
   1.5010243e-02  -1.0990905e+00  -7.8179497e-01  -3.1756323e-02  -2.0682744e-03   6.3579656e-03
   9.7995107e-03  -1.1155291e+00  -7.3912320e-01  -3.2503427e-02  -2.0420248e-03   6.5650059e-03
   1.2038020e-02  -1.1224430e+00  -8.1223537e-01  -3.2523582e-02  -1.8711056e-03   6.3696521e-03
  -1.5088196e-02  -1.1688892e+00  -7.6612291e-01  -3.3460876e-02  -2.0831238e-03   6.4644418e-03
   2.1092723e-02  -1.0777592e+00  -1.1536756e+00  -2.9521701e-02  -7.2644984e-04   6.0786181e-03
   6.5518051e-03  -1.1082558e+00  -1.4272172e+00  -2.8932643e-02  -1.6930707e-03   5.3771398e-03
   2.9096287e-02  -1.0856619e+00  -1.1356421e+00  -3.0400767e-02  -1.5909981e-03   6.1038080e-03
   4.3459722e-02  -1.1479428e+00  -1.2255451e+00  -3.1260642e-02  -1.3295059e-03   6.5602150e-03
   4.2311786e-02  -1.1577780e+00  -1.1749448e+00  -3.1202225e-02  -1.4772003e-03   6.7194730e-03
   5.0611365e-02  -1.1709965e+00  -1.2672667e+00  -3.1017575e-02  -1.0088253e-03   7.0921257e-03
   1.3082381e-02  -1.1765470e+00  -1.2195176e+00  -3.1131023e-02  -8.2984597e-04   6.9352926e-03
   2.8215266e-02  -1.1774478e+00  -1.2517262e+00  -3.1778798e-02  -4.9643194e-04   7.1497217e-03
   3.6005392e-02  -1.2076793e+00  -1.1769234e+00  -3.2342472e-02  -7.0012031e-04   7.2866429e-03
   1.3283581e-02  -1.2001259e+00  -1.1436735e+00  -3.1867091e-02  -2.3415734e-04   7.1369206e-03
  -3.4720665e-04  -1.1909287e+00  -1.0893910e+00  -3.1393554e-02   2.7989129e-04   7.2774999e-03
   1.1575748e-02  -1.1831819e+00  -1.1229379e+00  -3.1645014e-02   4.2161343e-04   7.4050620e-03
   1.2466615e-02  -1.2028736e+00  -1.0399953e+00  -3.1782056e-02   2.9664302e-04   7.4849367e-03
   2.1392555e-02  -1.1937476e+00  -1.0408593e+00  -3.1626824e-02   6.9355077e-04   7.4963475e-03
   2.6841885e-02  -1.2023910e+00  -1.0329518e+00  -3.2333072e-02   8.2845816e-04   8.1022262e-03
   5.5144076e-02  -1.2064783e+00  -1.0766657e+00  -3.2569265e-02   9.0511346e-04   8.2795702e-03
   3.1097875e-02  -1.2212416e+00  -1.0254409e+00  -3.1810251e-02   1.2419982e-03   7.5795623e-03
   4.3114820e-02  -1.2251409e+00  -1.0742020e+00  -3.1546917e-02   1.2628821e-03   7.7749400e-03
   3.6300117e-02  -1.2128540e+00  -1.0434010e+00  -3.1820345e-02   7.1869409e-04   7.6767553e-03
   5.3184788e-02  -1.2207920e+00  -1.0882417e+00  -3.2554653e-02   8.1950118e-04   8.0554833e-03
   4.7898668e-02  -1.2271584e+00  -1.0706831e+00  -3.2281344e-02   9.6444453e-04   8.2629324e-03
   4.7577200e-02  -1.2357231e+00  -1.0932150e+00  -3.2265516e-02   8.3613729e-04   8.1707446e-03
   4.8957770e-02  -1.2378171e+00  -1.0379385e+00  -3.1696295e-02   1.2919484e-03   7.8605210e-03
   5.7718206e-02  -1.2352797e+00  -1.0661427e+00  -3.1490292e-02   1.6999637e-03   8.0025335e-03
   4.2482182e-02  -1.2394245e+00  -1.0673164e+00  -3.2143318e-02   1.6179770e-03   8.2156510e-03
   4.7009770e-02  -1.2324758e+00  -1.0372315e+00  -3.2151029e-02   1.5667181e-03   8.2653534e-03
   4.1752671e-02  -1.2524708e+00  -1.0107659e+00  -3.2739629e-02   1.5670670e-03   8.2578487e-03
   5.8360214e-02  -1.2574664e+00  -1.0378351e+00  -3.2494667e-02   1.5130609e-03   8.0992987e-03
   5.4007316e-02  -1.2762906e+00  -1.0383142e+00  -3.2750161e-02   1.6376552e-03   8.3769280e-03
   4.0097653e-02  -1.2534069e+00  -1.0245582e+00  -3.1782300e-02   1.6404554e-03   8.2948601e-03
   4.3528606e-02  -1.2266769e+00  -1.0152449e+00  -3.1979904e-02   1.6806488e-03   8.3404307e-03
   5.5266523e-02  -1.2109521e+00  -1.0386410e+00  -3.1619645e-02   2.2393819e-03   8.3080584e-03
   6.7797587e-02  -1.1756641e+00  -1.0375466e+00  -3.1549658e-02   1.9978069e-03   8.1916058e-03
   5.2505174e-02  -1.2223875e+00  -1.0485298e+00  -3.2011732e-02   1.9157498e-03   8.4642343e-03
   5.0625480e-02  -1.2293646e+00  -1.0271656e+00  -3.2048389e-02   2.0266689e-03   8.6471474e-03
   4.6758573e-02  -1.2533381e+00  -1.0557039e+00  -3.2317379e-02   2.0622360e-03   8.7050790e-03
   5.0361170e-02  -1.2295930e+00  -1.0650420e+00  -3.2626297e-02   2.2778045e-03   8.8327461e-03
   4.4006653e-02  -1.2253738e+00  -1.0851022e+00  -3.2436050e-02   2.0340292e-03   8.5392204e-03
   5.3412663e-02  -1.2117690e+00  -1.0389864e+00  -3.2284539e-02   2.2081146e-03   8.7153560e-03
   4.6335830e-02  -1.2253690e+00  -1.0890443e+00  -3.2193674e-02   2.1158608e-03   8.5838046e-03
   6.9911713e-02  -1.2423321e+00  -1.0412245e+00  -3.2591029e-02   2.0393615e-03   8.9182687e-03
   6.0482098e-02  -1.2463222e+00  -1.1004747e+00  -3.2352746e-02   1.8507554e-03   8.6263681e-03
   7.1637602e-02  -1.2532112e+00  -1.0113346e+00  -3.2494513e-02   1.9201123e-03   8.8856363e-03
   5.6321364e-03  -1.0931626e+00  -1.1934206e+00  -2.9197638e-02   1.7435486e-03   7.5127234e-03
  -1.1063019e-02  -1.0982188e+00  -1.7203396e+00  -2.8396175e-02   1.1889769e-03   6.9327439e-03
   1.7809011e-02  -1.1010454e+00  -1.2793686e+00  -2.9313448e-02   2.4575008e-03   7.6761416e-03
   1.5816536e-02  -1.0484346e+00  -1.2523150e+00  -2.8132626e-02   2.8420550e-03   7.8468548e-03
   5.3434924e-02  -1.1193725e+00  -1.1809914e+00  -2.9790943e-02   2.5042346e-03   8.4254127e-03
   3.1000812e-02  -1.0914104e+00  -1.2412264e+00  -2.9446021e-02   1.9796952e-03   8.2554772e-03
   3.0820885e-02  -1.1057948e+00  -1.2334362e+00  -3.0189066e-02   2.4451444e-03   8.4004317e-03
  -4.3925043e-04  -1.0838819e+00  -1.2211125e+00  -2.9566829e-02   2.4976341e-03   8.2234219e-03
   3.2965942e-02  -1.1384702e+00  -1.1556849e+00  -3.0386380e-02   2.4547966e-03   8.3663499e-03
   2.0085048e-02  -1.1298043e+00  -1.1312060e+00  -2.9529044e-02   2.3695064e-03   8.2201369e-03
   2.9780835e-02  -1.1341218e+00  -1.1589807e+00  -3.0017790e-02   2.4060883e-03   8.6982783e-03
  -3.6871910e-03  -1.1096143e+00  -1.1783495e+00  -2.9709526e-02   2.8259610e-03   8.4977863e-03
  -3.0094869e-02  -1.1085231e+00  -1.1855697e+00  -3.0033122e-02   2.3187687e-03   8.2782572e-03
  -6.3841219e-03  -1.0864830e+00  -1.2218249e+00  -2.9866838e-02   2.6821213e-03   8.3746489e-03
   1.6913603e-02  -1.1239877e+00  -1.2156247e+00  -3.0632348e-02   2.4805274e-03   8.6003074e-03
   2.1281295e-03  -1.1712792e+00  -1.2056830e+00  -3.0666991e-02   2.4782936e-03   8.7258547e-03
   7.8118162e-03  -1.1194170e+00  -1.1761008e+00  -3.0110758e-02   2.7712755e-03   8.5654361e-03
   1.6823746e-02  -1.0530284e+00  -1.1662716e+00  -2.8907420e-02   2.5453283e-03   8.4139626e-03
   9.9648586e-03  -1.1272323e+00  -1.1428933e+00  -3.0485583e-02   2.6278601e-03   8.2193106e-03
   9.9968436e-03  -1.1040579e+00  -1.1718699e+00  -2.9202715e-02   2.6898743e-03   8.4636560e-03
   2.1868304e-02  -1.1473077e+00  -1.1211788e+00  -3.0194614e-02   2.6583315e-03   8.6071435e-03
  -1.7216858e-02  -9.9832105e-01  -1.2433574e+00  -2.7205015e-02   2.6718400e-03   7.6012544e-03
  -6.3294510e-02  -7.6940150e-01  -1.6245888e+00  -1.6848128e-02   2.8693540e-03   6.7523742e-03
  -7.8249945e-02  -8.0925565e-01  -1.4771285e+00  -1.9898002e-02   2.0492842e-03   6.4463728e-03
  -7.5320998e-02  -7.8351685e-01  -1.4421504e+00  -1.9292029e-02   2.0583232e-03   6.2285983e-03
  -6.7171244e-02  -8.5535979e-01  -1.3804030e+00  -2.0775025e-02   1.2315195e-03   6.2501141e-03
  -7.1762189e-02  -8.5060290e-01  -1.3697818e+00  -2.0949685e-02   1.3712809e-03   6.1660569e-03
  -2.7528737e-02  -8.9121080e-01  -1.4127252e+00  -2.1810334e-02   1.7642726e-03   6.7257391e-03
  -4.5001037e-02  -8.1244143e-01  -1.4487763e+00  -2.0502573e-02   2.3502437e-03   6.5960199e-03
  -5.5415616e-02  -8.2122766e-01  -1.4169226e+00  -2.1115483e-02   2.3709397e-03   6.5365558e-03
  -4.3440412e-02  -8.3206019e-01  -1.4043360e+00  -2.1261111e-02   2.3538846e-03   6.5162008e-03
  -5.4161158e-02  -8.8177235e-01  -1.3960647e+00  -2.2167523e-02   2.0277653e-03   6.4525441e-03
  -3.0684828e-02  -8.6115219e-01  -1.4348067e+00  -2.1914494e-02   2.5505378e-03   6.7779724e-03
  -3.5822446e-02  -8.7174354e-01  -1.4120483e+00  -2.2186888e-02   2.3168680e-03   6.5946978e-03
  -2.3584561e-02  -8.6915750e-01  -1.4342586e+00  -2.2066457e-02   2.3753381e-03   6.7043219e-03
  -2.4216517e-02  -8.7101226e-01  -1.4245290e+00  -2.2231858e-02   2.4535478e-03   6.9813045e-03
  -3.5721753e-02  -8.8420273e-01  -1.4246019e+00  -2.2358338e-02   2.6217794e-03   6.8132750e-03
  -1.4340601e-02  -8.8570305e-01  -1.3954116e+00  -2.2092873e-02   2.1611928e-03   7.0652054e-03
  -2.8761967e-02  -8.5711558e-01  -1.4325928e+00  -2.1115193e-02   2.0147805e-03   7.2237318e-03
  -2.2210799e-02  -8.6307252e-01  -1.3967935e+00  -2.1662802e-02   2.1230103e-03   7.3937612e-03
  -8.5542741e-02  -8.0303937e-01  -1.6370231e+00  -2.0687397e-02   3.3681747e-03   5.7492416e-03
  -1.6194312e-01  -6.7702269e-01  -1.8450540e+00  -1.5645039e-02   3.1149747e-03   4.7268110e-03
  -1.4206571e-01  -7.2690391e-01  -1.7348312e+00  -1.8151257e-02   2.3652336e-03   4.4876610e-03
  -1.5122483e-01  -7.2335656e-01  -1.7142415e+00  -1.8280848e-02   2.7156930e-03   4.4568809e-03
  -1.5886460e-01  -7.9082888e-01  -1.7083421e+00  -1.9419927e-02   2.5724892e-03   4.8385034e-03
  -1.8118801e-01  -7.8718412e-01  -1.6990333e+00  -1.9085995e-02   2.4508760e-03   4.6238717e-03
  -1.6991820e-01  -7.9854846e-01  -1.7011544e+00  -1.9899575e-02   2.4027244e-03   4.5996101e-03
  -1.7637090e-01  -7.6039393e-01  -1.6553844e+00  -1.8964868e-02   3.1364994e-03   4.4281746e-03
  -1.5106642e-01  -8.1995464e-01  -1.7032739e+00  -2.0219110e-02   3.0161352e-03   4.9170774e-03
  -1.9742971e-01  -7.9277723e-01  -1.7261089e+00  -1.8478107e-02   3.0371893e-03   3.9793450e-03
  -2.1574655e-01  -7.8800882e-01  -1.8029876e+00  -1.9393239e-02   4.2569173e-03   4.0989736e-03
  -2.0397971e-01  -6.8790701e-01  -1.9014063e+00  -1.8470859e-02   4.8899338e-03   4.3877126e-03
  -2.1193158e-01  -7.4667405e-01  -1.9271695e+00  -1.9325730e-02   4.7750364e-03   3.8844630e-03
  -2.6410668e-01  -7.6075950e-01  -1.8921716e+00  -1.9018907e-02   4.2409014e-03   3.5355008e-03
  -2.8553024e-01  -7.9662169e-01  -1.8598105e+00  -2.0288028e-02   3.7679988e-03   3.0956023e-03
  -2.8363486e-01  -8.3434150e-01  -1.8353965e+00  -2.0647934e-02   3.7177633e-03   3.2695119e-03
  -2.8803770e-01  -8.4180238e-01  -1.8444276e+00  -2.1436273e-02   3.5730794e-03   3.1416695e-03
  -2.8771505e-01  -8.1701645e-01  -1.9005743e+00  -2.0836338e-02   3.1258432e-03   3.1389659e-03
  -2.0641109e-01  -8.0454189e-01  -1.8586440e+00  -2.0463311e-02   3.4079946e-03   2.3785105e-03
  -1.5784728e-01  -7.8622470e-01  -1.8616975e+00  -1.9413733e-02   4.0812068e-03   1.6802607e-03
  -2.3075070e-01  -8.2382520e-01  -1.9377693e+00  -1.9410679e-02   3.3630992e-03   2.0479580e-03
  -2.4087226e-01  -8.5483977e-01  -1.8964187e+00  -1.9540070e-02   3.5477172e-03   1.5570675e-03
  -2.0365025e-01  -8.3601846e-01  -1.9330513e+00  -2.1149149e-02   4.0271487e-03   2.5768467e-03
  -2.4866168e-01  -8.9955864e-01  -1.8319638e+00  -2.1150368e-02   4.3149982e-03   1.4398685e-03
  -2.1832852e-01  -8.5808821e-01  -1.8405965e+00  -2.1302806e-02   2.8919249e-03   2.0329384e-03
  -2.3984732e-01  -9.5990480e-01  -1.8566834e+00  -1.9932858e-02   3.3166176e-03   4.2405525e-04
  -2.7729077e-01  -9.7785540e-01  -1.9978030e+00  -1.9588473e-02   1.2696184e-03   2.2417681e-03
  -2.4367023e-01  -8.3826204e-01  -1.6325864e+00  -2.1617991e-02   3.5010796e-04   3.2715162e-03
  -2.9917007e-01  -7.9297741e-01  -1.4626495e+00  -2.0854238e-02   8.4560926e-04   2.3826515e-03
  -2.8050116e-01  -7.8919411e-01  -1.4214119e+00  -2.2482172e-02   1.3575786e-03   2.4589757e-03
  -2.9462525e-01  -8.3745169e-01  -1.2642729e+00  -2.1969241e-02   1.3253114e-03   2.2551581e-03
  -2.8113833e-01  -9.3160753e-01  -1.2635386e+00  -2.3396953e-02   7.3212867e-04   2.6575412e-03
  -2.9354038e-01  -9.4133996e-01  -1.2782774e+00  -2.3570788e-02   9.5969451e-04   2.6355564e-03
  -2.9037986e-01  -9.3030039e-01  -1.2948849e+00  -2.4059742e-02   1.0627461e-03   2.8280870e-03
  -2.9445542e-01  -9.4152397e-01  -1.2868088e+00  -2.3509221e-02   1.2875254e-03   2.7576104e-03
  -2.8183682e-01  -9.4317425e-01  -1.2762979e+00  -2.3928803e-02   1.1711989e-03   3.0560093e-03
  -2.7262579e-01  -9.5017409e-01  -1.2819282e+00  -2.4059132e-02   1.2844918e-03   2.9253596e-03
  -2.5849083e-01  -9.3355716e-01  -1.2823787e+00  -2.4014479e-02   1.3466538e-03   3.1914006e-03
  -2.6363176e-01  -9.3277310e-01  -1.2858554e+00  -2.3961596e-02   1.0652392e-03   2.8771063e-03
  -2.3544900e-01  -8.8734558e-01  -1.2835013e+00  -2.3494758e-02   1.0816314e-03   3.0997115e-03
  -2.5191808e-01  -9.5723727e-01  -1.2696598e+00  -2.4561382e-02   1.2108045e-03   2.9712244e-03
  -2.3979522e-01  -8.9373867e-01  -1.2913797e+00  -2.3298832e-02   1.1169457e-03   3.1927521e-03
  -2.3154046e-01  -7.9909949e-01  -1.3484233e+00  -2.0107097e-02   6.8791474e-04   3.3094499e-03
  -2.5248744e-01  -8.6936228e-01  -1.3474138e+00  -2.1959718e-02   5.7821877e-04   3.3002151e-03
  -2.4234346e-01  -8.3061213e-01  -1.3086151e+00  -2.1370410e-02   4.9940930e-04   2.5683243e-03
  -2.6658913e-01  -9.0445871e-01  -1.3069003e+00  -2.2140410e-02   5.3654912e-04   2.7567501e-03
  -2.7006802e-01  -9.0906601e-01  -1.3224013e+00  -2.1719493e-02   5.1594868e-04   2.9228866e-03
  -2.5884024e-01  -9.0714888e-01  -1.3054461e+00  -2.2082969e-02   3.2159264e-04   2.9674530e-03
  -2.7196254e-01  -9.0018812e-01  -1.3810368e+00  -2.2103421e-02   4.3465920e-04   2.6718798e-03
  -2.6860295e-01  -8.8479445e-01  -1.3425462e+00  -2.2137927e-02   5.6242256e-04   2.6337744e-03
  -3.0412252e-01  -9.1259952e-01  -1.6906487e+00  -2.1854128e-02   1.5752697e-04   2.4066077e-03
  -2.9136112e-01  -9.6698723e-01  -1.5203734e+00  -2.2559041e-02   3.3313674e-04   2.8278916e-03
  -2.7011247e-01  -9.3711794e-01  -1.3961407e+00  -2.2391151e-02   8.5636378e-04   2.7281423e-03
  -2.6097099e-01  -9.4622796e-01  -1.4111374e+00  -2.2500894e-02   1.0335746e-03   2.8036775e-03
  -2.6449070e-01  -1.0043262e+00  -1.3867924e+00  -2.3355630e-02   7.7879478e-04   2.8721883e-03
  -2.6235372e-01  -1.0302393e+00  -1.4232740e+00  -2.3317081e-02   8.7982201e-04   3.0884900e-03
  -2.7059200e-01  -9.8992852e-01  -1.3934952e+00  -2.2706668e-02   1.0744611e-03   2.8245424e-03
  -2.7272518e-01  -9.7269174e-01  -1.4050608e+00  -2.2082778e-02   1.2232152e-03   2.4481716e-03
  -2.6839823e-01  -9.6436816e-01  -1.4164187e+00  -2.2078642e-02   1.3173813e-03   2.8580790e-03
  -2.6525082e-01  -9.6973591e-01  -1.3946402e+00  -2.2787165e-02   1.3929674e-03   3.0922258e-03
  -2.5437299e-01  -9.6269207e-01  -1.4040861e+00  -2.2396408e-02   1.3031569e-03   2.9646497e-03
  -2.6385210e-01  -9.9130951e-01  -1.4932796e+00  -2.2225911e-02   1.1332449e-03   2.7332630e-03
  -2.7008822e-01  -9.8913495e-01  -1.4535847e+00  -2.2422395e-02   1.2258707e-03   2.8658710e-03
  -2.7423047e-01  -9.9737420e-01  -1.4805817e+00  -2.3165622e-02   1.4272996e-03   2.9067371e-03
  -2.6978374e-01  -9.2865389e-01  -1.4171113e+00  -2.2096392e-02   1.7765347e-03   2.6704268e-03
  -2.6334151e-01  -9.5106095e-01  -1.4088723e+00  -2.2224648e-02   1.7463106e-03   3.0101033e-03
  -2.7700128e-01  -9.3340966e-01  -1.3917043e+00  -2.1777578e-02   1.8813212e-03   2.7519397e-03
  -2.3200391e-01  -9.7228870e-01  -1.3828996e+00  -2.2342944e-02   1.8046368e-03   3.4421748e-03
  -1.9033746e-01  -9.5268415e-01  -1.3537710e+00  -2.2107725e-02   2.3298128e-03   4.0185922e-03
  -1.9268571e-01  -8.9596030e-01  -1.3527307e+00  -2.0824908e-02   2.6361594e-03   3.8681298e-03
  -1.6305404e-01  -9.3383229e-01  -1.2416237e+00  -2.0587423e-02   2.8404284e-03   4.0632363e-03
  -1.8327369e-01  -9.6386919e-01  -1.3047727e+00  -2.1338980e-02   2.5009237e-03   4.2060333e-03
  -1.9446777e-01  -9.3385504e-01  -1.3169937e+00  -2.1211473e-02   2.7927930e-03   3.9693572e-03
  -1.8019736e-01  -9.3025057e-01  -1.3701897e+00  -2.0722446e-02   1.9684616e-03   4.4319545e-03
  -1.7167890e-01  -9.2360811e-01  -1.3917902e+00  -2.0084492e-02   1.8425697e-03   4.7083735e-03
  -1.8258273e-01  -9.3136122e-01  -1.4172821e+00  -2.0812560e-02   2.1790123e-03   4.4897303e-03
  -1.8244077e-01  -9.5339801e-01  -1.4464825e+00  -2.1218531e-02   2.8796919e-03   4.5331736e-03
  -1.7554641e-01  -9.5315742e-01  -1.4470459e+00  -2.1050963e-02   2.6874675e-03   4.5647118e-03
  -1.7613820e-01  -9.1727766e-01  -1.4102706e+00  -1.9831034e-02   1.8382931e-03   4.6141277e-03
  -1.5899564e-01  -9.4526401e-01  -1.4403273e+00  -2.0482290e-02   2.3607517e-03   4.7779822e-03
  -1.7137535e-01  -9.8197184e-01  -1.4454421e+00  -2.1374488e-02   3.1525489e-03   4.7843242e-03
  -1.6938993e-01  -9.8803210e-01  -1.4799014e+00  -2.1371888e-02   3.1871385e-03   4.6558818e-03
  -1.6275157e-01  -9.7422723e-01  -1.4035957e+00  -2.0452542e-02   3.1162896e-03   4.6311184e-03
  -1.7882069e-01  -1.0100283e+00  -1.4563003e+00  -2.1010021e-02   3.0921003e-03   4.7300325e-03
  -2.0234193e-01  -9.9882289e-01  -1.4107748e+00  -2.0114113e-02   2.5144299e-03   4.9236216e-03
  -2.8689045e-01  -9.1748702e-01  -1.4035549e+00  -1.8869574e-02   2.5512241e-03   4.7632573e-03
  -2.9840298e-01  -9.4257178e-01  -1.3115086e+00  -1.8304572e-02   3.0857309e-03   4.7156507e-03
  -3.2456375e-01  -9.2932114e-01  -1.3304977e+00  -1.8899335e-02   3.3667330e-03   4.3778744e-03
  -2.7048006e-01  -1.0119826e+00  -1.1888054e+00  -1.8522737e-02   3.4423288e-03   4.1885857e-03
  -2.1111153e-01  -8.8829373e-01  -5.8593804e-01  -1.5386844e-02   3.7478438e-03   4.5572832e-03
  -2.0215918e-01  -7.5578631e-01  -3.8282513e-01  -1.3965214e-02   4.9121080e-03   4.9604461e-03
  -2.1059310e-01  -7.8958378e-01  -4.0498478e-01  -1.5465833e-02   5.0262387e-03   4.9787194e-03
  -2.1260765e-01  -7.9512693e-01  -3.3301924e-01  -1.5864838e-02   5.3934337e-03   5.2339075e-03
  -2.1376908e-01  -8.3087080e-01  -3.4585964e-01  -1.5770178e-02   6.0590154e-03   5.1327314e-03
  -2.0809164e-01  -8.5060310e-01  -3.4623819e-01  -1.6508785e-02   6.3535980e-03   5.0516984e-03
  -1.9158140e-01  -8.5511857e-01  -3.4030567e-01  -1.6953595e-02   6.5675900e-03   5.2835472e-03
  -1.9947231e-01  -8.4220571e-01  -3.4267177e-01  -1.7132023e-02   6.2327642e-03   5.2913700e-03
  -2.2182550e-01  -8.7609250e-01  -3.2429575e-01  -1.7516560e-02   6.5489397e-03   5.2947913e-03
  -2.2703060e-01  -8.5281264e-01  -2.7714906e-01  -1.7333375e-02   6.5842784e-03   5.1894760e-03
  -2.2430942e-01  -8.8800517e-01  -2.1887713e-01  -1.7970984e-02   6.0362950e-03   4.9239440e-03
  -2.2749519e-01  -9.0121752e-01  -2.1921522e-01  -1.8486116e-02   6.1511429e-03   5.2175221e-03
  -2.3162621e-01  -8.8943236e-01  -2.1352117e-01  -1.8293568e-02   6.2892407e-03   5.1532464e-03
  -2.2027557e-01  -8.3715768e-01  -2.0342535e-01  -1.7982868e-02   6.1565791e-03   4.9289288e-03
  -2.1952800e-01  -8.7536832e-01  -1.9945837e-01  -1.8336073e-02   5.8394724e-03   4.9309557e-03
  -1.9980916e-01  -9.0639985e-01  -2.2044764e-01  -1.8496522e-02   5.8931797e-03   5.3867867e-03
  -2.1195775e-01  -9.4339477e-01  -2.1524962e-01  -1.8814828e-02   5.9856214e-03   5.4208753e-03
  -2.2065745e-01  -9.0790077e-01  -1.7417794e-01  -1.8391432e-02   5.6895189e-03   4.9995896e-03
  -2.0139313e-01  -9.2525740e-01  -1.7721364e-01  -1.8456153e-02   5.2334141e-03   4.7477265e-03
  -2.0756248e-01  -9.2164717e-01  -1.3324423e-01  -1.8542556e-02   4.9620138e-03   4.8323814e-03
  -2.0805935e-01  -9.8722325e-01  -1.4509233e-01  -1.9225429e-02   4.7534533e-03   4.8254463e-03
  -2.1824484e-01  -9.3457600e-01  -1.4504478e-01  -1.8465143e-02   4.6089568e-03   4.8895421e-03
  -1.9964342e-01  -9.5255186e-01  -1.1396307e-01  -1.9149757e-02   4.3830805e-03   4.8618251e-03
  -2.0451114e-01  -9.6151584e-01  -1.0799466e-01  -1.9466342e-02   4.0470650e-03   4.9036763e-03
  -1.9964777e-01  -1.0113011e+00  -8.4922300e-02  -1.9665939e-02   3.9165725e-03   4.9443416e-03
  -2.1806030e-01  -9.4232405e-01  -1.0527982e-01  -1.9317713e-02   4.1801400e-03   4.9820216e-03
  -1.9594890e-01  -9.9377771e-01  -4.6860486e-02  -1.9080928e-02   4.1066040e-03   4.7769576e-03
  -1.5740466e-01  -1.0506645e+00   9.0912747e-02  -1.9827348e-02   2.7920663e-03   4.4931442e-03
  -1.6341547e-01  -9.1736690e-01   2.4901439e-02  -1.8648430e-02   2.8271225e-03   4.7802375e-03
  -1.6943102e-01  -9.2028244e-01   4.5444028e-02  -1.8526927e-02   2.2660922e-03   4.4575979e-03
  -1.7131510e-01  -8.8054650e-01   7.7997074e-02  -1.8290964e-02   2.2054329e-03   4.4851019e-03
  -1.7132532e-01  -9.0626658e-01   1.2901787e-01  -1.8554203e-02   2.1840671e-03   4.5902963e-03
  -1.7058420e-01  -8.5508615e-01   2.7833930e-01  -1.7590865e-02   1.9425760e-03   4.5885021e-03
  -1.7370007e-01  -8.5112412e-01   3.5581080e-01  -1.7181497e-02   1.9751352e-03   4.5784097e-03
  -1.7075243e-01  -9.0647395e-01   3.1998105e-01  -1.7937106e-02   1.8075501e-03   4.5609573e-03
  -1.7761076e-01  -9.2630766e-01   3.1731719e-01  -1.8053625e-02   1.5640595e-03   4.5303476e-03
  -1.6956344e-01  -8.7450992e-01   3.1410252e-01  -1.7125478e-02   1.9895848e-03   4.5280659e-03
