   0.0000000e+00   0.0000000e+00  -7.1054274e-15   6.0185311e-36   3.3646101e-56   7.5231638e-37
   2.2113939e-03  -1.3514845e-02   2.4685027e-02   3.5391421e-04  -1.7169185e-04   1.9841931e-05
  -3.4318705e-03  -4.7545795e-02   1.0278568e-01  -1.9765547e-03  -1.2492218e-04   4.0841879e-04
  -3.5815516e-02  -4.3482313e-02   2.4449186e-01   8.2339512e-03  -1.3525952e-03   8.6951314e-04
   5.4665407e-03   1.3332829e-02   1.0305994e-01   1.2195567e-02  -1.5976807e-04   1.3774615e-03
   6.4761157e-02   1.2624569e-02   1.3979454e-01   9.2483291e-03   3.5886461e-04   2.3316918e-03
   6.6696145e-02   9.4877987e-04   2.6003175e-01   8.9517597e-03  -5.9527018e-06   2.4388000e-03
   5.2850134e-02  -6.2268634e-02   7.7717103e-01   9.4317464e-03   8.8823126e-05   3.2167497e-03
   7.8530547e-02  -4.5791811e-02   2.6476192e-01   9.2148425e-03   1.3766410e-03   3.9149809e-03
   4.3823497e-02  -5.3258120e-02   5.6824750e-01   7.7344712e-03   1.6135403e-03   3.7955124e-03
   2.8349776e-02   2.0895469e-03   5.8073241e-01   8.6810027e-03   1.0396388e-03   3.6251519e-03
  -1.8008184e-04  -1.1390832e-01   9.5398668e-01   6.8512919e-03   1.4203768e-03   3.5974981e-03
  -1.7078872e-03  -1.7201090e-01   1.0067945e+00   6.2939276e-03   1.8763391e-03   4.2664069e-03
   3.5434227e-02  -1.5097286e-01   9.8052996e-01   5.4583549e-03   1.5929175e-03   4.5058889e-03
   7.3876019e-03  -1.0751629e-01   8.9964511e-01   5.0876905e-03   1.8625351e-03   4.5755260e-03
   8.6426608e-02  -2.2515739e-01   1.2114727e+00   3.1022222e-03   1.3024766e-03   5.3877315e-03
   1.9001318e-01  -2.1892411e-01   1.2972693e+00   6.0154309e-03   2.5026473e-03   6.5716971e-03
   1.6120744e-01  -2.3514559e-01   1.0978237e+00   4.9156830e-03   1.5014961e-03   5.8424909e-03
   1.2638754e-01  -1.4337260e-01   1.1019600e+00   3.8090495e-03   1.1752961e-03   5.7572638e-03
   1.8984552e-01  -2.1631194e-01   1.2919590e+00   7.0832769e-03   2.4724486e-03   6.1562784e-03
   2.1266016e-01  -3.6601307e-02   1.5510049e+00   1.9149384e-02   1.9567561e-03   6.5178321e-03
   8.7623931e-02   9.9001038e-02   1.3209015e+00   1.5005485e-02   1.9371143e-03   5.4885725e-03
   1.0238790e-01   1.2711264e-01   1.4377127e+00   1.5832863e-02   1.9997989e-03   4.8626524e-03
   7.2949971e-02   1.3025162e-01   1.3134547e+00   1.4772354e-02   2.0751018e-03   4.4611057e-03
   5.3383911e-02   2.6958241e-02   1.4863377e+00   1.7840141e-02   3.4564852e-03   2.3778347e-03
  -1.8167106e-02   6.4257886e-02   1.4221444e+00   1.3087783e-02   3.6122268e-03   1.4096462e-03
  -3.2461428e-02   8.5156163e-02   1.4378715e+00   1.4683719e-02   3.1665635e-03   7.4552030e-04
  -3.7502348e-02   8.6531118e-02   1.3995302e+00   1.2113045e-02   3.1864994e-03   7.6894219e-04
   1.8569654e-02   2.8603089e-02   1.4194164e+00   1.6207449e-02   2.3320522e-03   2.6194957e-03
  -1.4498785e-02   1.3893975e-01   1.3464931e+00   1.6972781e-02   3.4503809e-03   2.7159461e-03
  -1.2181018e-02   1.4250830e-01   1.3870102e+00   1.7451438e-02   3.3578873e-03   2.1115570e-03
  -7.0099156e-02   1.7300648e-01   1.4446036e+00   1.5788829e-02   2.8836929e-03   1.5226994e-03
   2.8155092e-02   7.9094491e-02   1.4672638e+00   1.5590070e-02   2.3830568e-03   3.0072741e-03
  -4.3860828e-03   1.1998466e-01   1.3090136e+00   1.4753212e-02   2.2453370e-03   2.1656342e-03
   3.9003689e-02   7.0794119e-02   1.4576932e+00   1.6756655e-02   2.9305223e-03   2.1955967e-03
  -7.1138955e-03   9.2855832e-02   1.5541849e+00   1.3810159e-02   1.4878629e-03   2.1405104e-03
  -2.4033829e-04   7.0876129e-02   1.8527820e+00   1.9961272e-02   1.8944319e-03   1.8451595e-03
  -8.0262983e-03   4.0428395e-02   1.7169895e+00   2.0215935e-02   3.1702957e-03   1.0381583e-03
  -3.7117280e-02   1.4228969e-01   1.7227581e+00   2.0082087e-02   2.3239888e-03   7.3657231e-04
  -5.7272037e-02   1.2856969e-01   1.6595628e+00   2.0434614e-02   2.6643322e-03   2.8499895e-04
  -6.1368107e-02   6.7857938e-02   1.7214049e+00   2.2574877e-02   1.2520727e-03   4.1762917e-04
  -3.7054949e-02   9.1729795e-02   1.5028872e+00   2.4022658e-02   2.1457506e-03  -5.1415636e-05
  -6.1675286e-02   4.9877974e-02   1.6310266e+00   2.1522033e-02   1.2254142e-03  -6.1628738e-06
  -1.1205481e-01   9.8056053e-02   1.5279561e+00   2.1477765e-02   1.5158610e-03  -8.6273637e-04
  -2.9541201e-02  -6.2676012e-02   1.9981049e+00   2.1724993e-02   1.0968178e-03   2.6649341e-04
   1.5480842e-01  -7.3129526e-03   2.1268774e+00   2.5494582e-02   3.1033102e-03   2.7726294e-03
   1.1749041e-01   5.3665598e-02   1.7298350e+00   2.2591644e-02   2.1925783e-03   3.1371168e-03
   6.5213835e-02   3.2533915e-02   1.7965746e+00   2.5154649e-02   1.6574261e-03   1.9244554e-03
   8.6405333e-02   2.0295375e-02   1.7325143e+00   2.4539708e-02   7.6799451e-04   3.0626548e-03
   1.5594727e-01   2.5255227e-02   2.2521789e+00   2.3699186e-02   7.4951611e-04   3.7758598e-03
   7.1394472e-02   1.3690298e-01   1.8887961e+00   2.4841904e-02   6.0770288e-04   1.3439523e-03
   6.0782773e-02   1.2496383e-01   1.8931085e+00   2.6908204e-02  -2.3393792e-04   1.5113236e-03
   6.7430860e-02   4.2666969e-02   1.9470922e+00   2.5575455e-02   4.5977453e-04   1.0294733e-03
   1.6263507e-01  -2.3606062e-02   2.0215056e+00   2.6473875e-02   1.4944961e-03   3.1871769e-03
   7.7051450e-02   6.3615121e-02   1.9191879e+00   2.6680358e-02   1.6173280e-03   1.9815779e-03
   7.0190837e-02   8.5918610e-02   1.9392953e+00   2.5979123e-02   1.2358261e-03   1.9031469e-03
   9.1603331e-02   9.1203852e-03   2.0014173e+00   2.6071647e-02   1.8422251e-03   2.1033389e-03
   1.2185495e-01  -2.3241958e-02   2.0562578e+00   2.5538834e-02   1.7205976e-03   2.5204800e-03
   5.4510823e-02   8.7149943e-02   1.8428081e+00   2.7263969e-02   1.6732154e-03   1.7304240e-03
   1.4059527e-02   1.1087265e-01   1.7432817e+00   2.6558940e-02   1.5963408e-03   1.4568451e-03
   1.0282244e-02   6.6317913e-02   1.9232670e+00   2.7018814e-02   1.0162509e-03   1.3675108e-03
  -2.0080714e-02   6.6949783e-02   1.8846121e+00   2.6045155e-02   5.1184825e-04   8.5854432e-04
  -2.0573121e-03   6.5379156e-02   1.8219549e+00   2.5473225e-02   2.0914374e-04   5.9423818e-04
   1.3514447e-02   3.8692037e-02   1.8549143e+00   2.5689621e-02   1.9459187e-04   8.9124287e-04
  -9.8474998e-05   3.8576113e-02   1.8719721e+00   2.5333026e-02  -2.4379396e-04   5.9394252e-04
  -1.8123572e-03   7.6196366e-02   1.8437165e+00   2.4869481e-02  -4.2494122e-04   4.3242702e-04
  -1.4993769e-02   6.1004172e-02   1.8550663e+00   2.4129163e-02  -5.2390714e-04   5.5985811e-04
  -3.3380000e-03   3.6296700e-02   1.8721293e+00   2.3484319e-02  -3.9456295e-04   8.8273696e-04
  -5.3100118e-03   7.3854270e-02   1.8365289e+00   2.3812586e-02  -5.4304171e-04   6.8743621e-04
  -3.7491846e-03   5.9939770e-02   1.8847844e+00   2.3657656e-02  -7.0055445e-04   6.2096821e-04
  -1.6881136e-02   3.2595696e-02   1.8931411e+00   2.3671480e-02  -7.0060193e-04   7.1206137e-04
  -1.8937012e-02   2.6779175e-02   1.8556573e+00   2.3837072e-02  -6.2984594e-04   7.5025386e-04
  -1.3254373e-02   6.5177941e-02   1.8472399e+00   2.4573791e-02  -3.9954049e-04   5.1915591e-04
  -4.1574250e-02   3.8247958e-02   1.9172551e+00   2.3730233e-02  -5.3577668e-04   2.1472735e-04
  -2.9623320e-02   4.4136592e-02   1.8772109e+00   2.3785960e-02  -3.9260871e-04   4.2613415e-04
  -3.4555876e-02   4.7821302e-02   1.8713348e+00   2.3606698e-02  -5.4039484e-04   3.4293376e-04
  -3.4958162e-02   6.5335527e-02   1.8781909e+00   2.3725940e-02  -7.2574611e-04   3.9506650e-04
  -3.9555756e-02   3.1202135e-02   1.9137017e+00   2.3450658e-02  -9.1792975e-04   4.2941618e-04
  -2.8345451e-02   5.7212080e-02   1.8574001e+00   2.3633241e-02  -8.7814010e-04   5.0223408e-04
  -2.2816563e-02   6.9277829e-02   1.8008378e+00   2.4025426e-02  -6.6641836e-04   4.8716474e-04
  -2.5543533e-02   7.1150940e-02   1.7823328e+00   2.4211803e-02  -8.5951324e-04   2.2993229e-04
  -3.5903729e-02   7.2275083e-02   1.8151442e+00   2.4788601e-02  -8.5828867e-04   4.8861878e-05
  -3.5587344e-02   4.3022672e-02   1.8272209e+00   2.4181072e-02  -8.5513017e-04   1.7384139e-04
  -1.6760989e-02   5.3342828e-02   1.7476718e+00   2.4048191e-02  -6.5644895e-04   1.4892664e-04
  -2.4836859e-02   6.7487598e-02   1.7555882e+00   2.4076313e-02  -9.1098234e-04   2.5429073e-04
  -3.3829088e-02   8.9281872e-02   1.7745053e+00   2.4424618e-02  -1.1832499e-03   1.6095170e-05
  -8.6670369e-04   6.5865665e-02   1.7653016e+00   2.4195241e-02  -8.2699124e-04   5.7694546e-04
   5.6687389e-03   5.1506619e-02   1.7030291e+00   2.3238355e-02  -2.2258522e-04   7.9894771e-04
  -9.0910285e-03   4.6155127e-02   1.7177685e+00   2.2808048e-02  -8.8357962e-04   6.0936683e-04
   3.3730672e-02   5.8967917e-02   1.6890557e+00   2.3580895e-02  -4.5384925e-04   8.6879425e-04
   2.2007644e-02   2.6658772e-02   1.7051822e+00   2.2945273e-02  -8.2495573e-04   7.0503292e-04
   2.1244223e-02   4.5276082e-02   1.6687206e+00   2.2612883e-02  -1.0079305e-03   6.2220314e-04
   2.1803410e-02   4.1278338e-02   1.6862492e+00   2.2336482e-02  -1.1636051e-03   7.5190344e-04
   2.0900757e-02   2.1420364e-02   1.7113440e+00   2.2692701e-02  -1.1379320e-03   7.3507553e-04
   8.0985296e-04  -9.0214291e-03   1.7498072e+00   2.2069203e-02  -1.4533369e-03   6.5104196e-04
   3.1260873e-02   2.8169886e-02   1.6750420e+00   2.2728501e-02  -7.5686849e-04   9.6836553e-04
   4.3051084e-02   4.8041806e-02   1.6651866e+00   2.2939729e-02  -4.2563053e-04   9.4650573e-04
   2.2962579e-02   6.3526619e-02   1.6747961e+00   2.3139452e-02  -1.0471761e-03   5.1470096e-04
   2.4548313e-02   2.7197003e-02   1.6901657e+00   2.2470096e-02  -1.3981284e-03   6.1883030e-04
   2.8178147e-02   2.7025613e-02   1.6928494e+00   2.2955027e-02  -1.3945077e-03   9.1077869e-04
   3.3703602e-02   1.2273376e-02   1.7163787e+00   2.1940286e-02  -1.7800260e-03   1.2720521e-03
   3.6352016e-02   1.7816876e-02   1.7277674e+00   2.1994529e-02  -2.1269599e-03   1.3569940e-03
   1.3842789e-02   9.9137298e-03   1.7599805e+00   2.2084779e-02  -2.4537036e-03   1.1115336e-03
  -9.5988652e-03  -9.7745529e-03   1.7163902e+00   2.1604862e-02  -2.7082337e-03   9.2360265e-04
  -2.4464250e-02  -1.4486869e-02   1.6886146e+00   2.2001000e-02  -2.2918172e-03   5.6112246e-04
  -3.1707885e-02   3.3433159e-02   1.6632689e+00   2.2498664e-02  -2.1403428e-03   4.5542296e-04
  -2.8849668e-02   2.3203836e-02   1.6969641e+00   2.2032518e-02  -2.3771716e-03   3.7407609e-04
  -3.0998760e-02  -8.2047534e-03   1.6904453e+00   2.1534356e-02  -2.4019350e-03   8.7537023e-04
  -4.1801545e-02  -3.3219761e-02   1.6788048e+00   2.1389889e-02  -2.5240739e-03   9.0716906e-04
  -4.2902539e-02  -1.3508002e-02   1.6984811e+00   2.1331040e-02  -2.5158598e-03   8.3076353e-04
  -4.2523454e-02  -2.5291432e-02   1.7393636e+00   2.1138885e-02  -2.6697611e-03   1.0820934e-03
  -5.1395627e-02   7.0338442e-03   1.6866657e+00   2.1293994e-02  -2.5045968e-03   8.9181805e-04
  -1.0438701e-02   6.0772787e-03   1.6540247e+00   2.2410825e-02  -1.6037753e-03   1.0763999e-03
  -3.9161892e-03  -4.3343466e-03   1.6490303e+00   2.1752516e-02  -1.7357541e-03   1.3031374e-03
  -1.3030475e-02  -1.2343671e-03   1.6632730e+00   2.2349890e-02  -1.8278706e-03   1.0532968e-03
  -3.0729368e-02  -2.3562955e-02   1.6813347e+00   2.1440513e-02  -2.4136675e-03   1.0934290e-03
  -2.0610339e-02  -2.7889418e-02   1.6159944e+00   2.1648656e-02  -1.9980003e-03   1.0368595e-03
  -2.8553194e-02  -9.3508907e-05   1.6209573e+00   2.1671362e-02  -2.0562780e-03   1.0102350e-03
  -3.5470126e-02   4.4270789e-03   1.6256292e+00   2.1782718e-02  -2.4731930e-03   7.7970312e-04
  -3.4685357e-02  -1.3005663e-02   1.6560394e+00   2.1121486e-02  -2.8959526e-03   1.0645503e-03
  -1.3442548e-02  -3.7066281e-02   1.6266340e+00   2.1365508e-02  -2.3877900e-03   1.2336967e-03
  -4.9501619e-03  -3.5585451e-02   1.6321044e+00   2.1110388e-02  -2.4197992e-03   1.4238659e-03
  -1.0609015e-02  -1.3113545e-02   1.6475269e+00   2.1386412e-02  -2.6752776e-03   1.4019625e-03
  -3.0601718e-02  -1.3447976e-02   1.6905231e+00   2.0716756e-02  -3.0730877e-03   1.4023496e-03
  -8.1239301e-03   8.7244162e-03   1.6023220e+00   2.3036287e-02  -2.3889324e-03   1.4896796e-03
   4.8883915e-03  -1.2196059e-03   1.5877624e+00   2.2739132e-02  -2.4645090e-03   1.8032879e-03
  -8.3402263e-03   2.1871527e-02   1.6107983e+00   2.2219375e-02  -2.4598908e-03   1.4346173e-03
   1.5376027e-02   8.5090062e-03   1.6435368e+00   2.2267339e-02  -2.7488206e-03   1.8700117e-03
   2.0730550e-02   1.6451295e-02   1.6695043e+00   2.1274088e-02  -2.1775292e-03   2.1689223e-03
   2.2245208e-02   2.0638870e-02   1.6110185e+00   2.1087428e-02  -2.1909987e-03   1.9317922e-03
   2.8707877e-02   4.5933134e-02   1.6068954e+00   2.1944778e-02  -2.3212783e-03   2.1528732e-03
   1.8458754e-02   4.2470762e-02   1.6927859e+00   2.1352390e-02  -2.6471413e-03   2.2981209e-03
   1.2134350e-02  -7.7653615e-03   1.6681003e+00   2.1150357e-02  -2.9864092e-03   2.2496944e-03
   2.2178627e-02   4.0506673e-02   1.6447825e+00   2.1306425e-02  -2.0253020e-03   2.7169577e-03
   5.6641747e-02   7.5977026e-02   1.5949289e+00   2.2350556e-02  -1.5567662e-03   3.0681320e-03
   5.3490915e-02   5.4027069e-02   1.6328333e+00   2.3397358e-02  -1.9354922e-03   2.7816117e-03
   1.8362086e-02   2.4834172e-02   1.6647706e+00   2.2292586e-02  -3.1514131e-03   2.9072656e-03
   3.1508771e-02  -7.7127392e-03   1.5968123e+00   2.2714823e-02  -2.6942941e-03   3.1033041e-03
   2.3521733e-02   9.8963160e-03   1.5810891e+00   2.3373073e-02  -2.8022183e-03   2.8917575e-03
   2.4911782e-02   4.0734676e-02   1.5863718e+00   2.3334525e-02  -3.0943041e-03   2.8727416e-03
   2.9823612e-02   2.5726923e-02   1.6170976e+00   2.2428185e-02  -3.1705365e-03   3.1130530e-03
   3.4441145e-02  -9.6257769e-03   1.5987595e+00   2.2030974e-02  -2.7665401e-03   3.3405895e-03
   2.7556886e-02  -1.2298727e-02   1.5978363e+00   2.1886087e-02  -3.1575954e-03   3.3243057e-03
   2.4901161e-02   5.5443378e-03   1.5985488e+00   2.2690003e-02  -3.2302670e-03   3.1732552e-03
   1.6535813e-02  -1.1964563e-02   1.6208018e+00   2.2360922e-02  -3.8058455e-03   3.2469948e-03
   2.5507466e-02  -2.3049331e-02   1.5661842e+00   2.2691824e-02  -3.2000408e-03   3.2589188e-03
   2.4006285e-02  -3.7696520e-02   1.5477284e+00   2.3079529e-02  -3.6449802e-03   3.5202038e-03
   1.0947007e-02  -6.3116361e-03   1.5477199e+00   2.3423382e-02  -3.6330496e-03   3.1933775e-03
  -9.3737219e-05  -5.8016455e-02   1.6022588e+00   2.2480607e-02  -3.8926928e-03   3.2168329e-03
   4.0497981e-04  -7.3574138e-02   1.5558885e+00   2.2354376e-02  -3.8620940e-03   3.1288108e-03
   1.0367997e-02  -8.7799015e-02   1.5271824e+00   2.2341226e-02  -4.1662047e-03   3.1866156e-03
   6.5517130e-03  -2.4671814e-02   1.5246642e+00   2.3275133e-02  -3.8219705e-03   2.8760697e-03
  -2.5379952e-04  -8.0144977e-02   1.5484479e+00   2.2998207e-02  -4.1691030e-03   3.2092424e-03
   9.8137453e-03  -7.8713071e-02   1.5752860e+00   2.2627598e-02  -2.9724806e-03   3.5889293e-03
   4.7447131e-02  -6.5983219e-02   1.5233612e+00   2.2315524e-02  -2.4222778e-03   3.3966594e-03
   3.7093472e-02  -2.0150153e-02   1.4476906e+00   2.4037088e-02  -3.1753150e-03   3.6469980e-03
   1.5749498e-02  -3.1902224e-02   1.5009610e+00   2.3339356e-02  -3.7120577e-03   3.0126401e-03
   3.1770460e-03  -3.4174949e-02   1.5155892e+00   2.3549135e-02  -3.1944771e-03   3.2731577e-03
   8.6700452e-02  -5.4254103e-02   1.4918445e+00   2.3979970e-02  -1.6524408e-03   3.9649633e-03
   9.3605642e-02  -3.8954986e-02   1.4386622e+00   2.4750681e-02  -2.6028423e-03   3.9894524e-03
   8.2751806e-02   3.0820892e-03   1.4480786e+00   2.5201932e-02  -2.3359427e-03   3.5336394e-03
   6.0424252e-02  -4.1132237e-02   1.4626224e+00   2.4412281e-02  -2.9632047e-03   3.5987856e-03
   6.2646380e-02  -6.1442743e-02   1.4238897e+00   2.3442148e-02  -2.0861466e-03   3.2083412e-03
   3.9411780e-02  -3.8037379e-02   1.3951687e+00   2.2714009e-02  -2.8844720e-03   3.1685865e-03
   6.4155793e-02  -2.8547017e-02   1.4273050e+00   2.2783247e-02  -2.7330113e-03   3.1118047e-03
   5.3220965e-02  -3.5629835e-02   1.4482790e+00   2.2599099e-02  -3.3200969e-03   3.2247094e-03
   7.2118843e-02  -6.1825198e-02   1.4287529e+00   2.2072412e-02  -2.9814572e-03   3.3118102e-03
   6.1228052e-02  -5.5233819e-02   1.4347202e+00   2.1614819e-02  -3.1557404e-03   3.4060631e-03
   6.5524928e-02  -4.6373788e-02   1.4455739e+00   2.1701117e-02  -3.2784549e-03   3.2574257e-03
   2.3497796e-02  -5.5848891e-02   1.4770284e+00   2.0741833e-02  -3.9756309e-03   3.1806612e-03
   4.0454009e-02  -3.4046291e-02   1.5223278e+00   2.1111493e-02  -2.9595429e-03   3.0469169e-03
   5.6831870e-02  -3.8459955e-02   1.4058345e+00   2.0883766e-02  -3.1909226e-03   3.4796025e-03
   6.7259330e-02  -2.1712705e-02   1.4434496e+00   2.1251647e-02  -3.4739287e-03   3.3551250e-03
   3.8214653e-02  -1.9087076e-02   1.4553479e+00   2.0489456e-02  -4.0081925e-03   3.2327534e-03
   6.3918130e-02  -7.0670118e-02   1.4735961e+00   2.0313848e-02  -3.7487575e-03   3.5152833e-03
   3.4515259e-02  -1.2169789e-02   1.4037834e+00   1.9982926e-02  -4.0163161e-03   3.3693216e-03
   1.0842122e-01  -3.7924384e-02   1.3918797e+00   1.9607121e-02  -3.5989204e-03   3.0217050e-03
   4.8183901e-01  -4.4941677e-01   1.6435201e+00   1.7487274e-02  -3.9920789e-03   2.5709366e-03
   2.5206970e-01  -2.1252191e-01   1.4326961e+00   1.7474063e-02  -4.8231581e-03   2.7896071e-03
   2.5344769e-01  -1.8732686e-01   1.4017202e+00   1.7722646e-02  -3.4885075e-03   2.9105625e-03
   2.1529641e-01  -1.5560746e-01   1.3999394e+00   1.7228059e-02  -4.0550738e-03   2.6083224e-03
   2.2961746e-01  -1.4333030e-01   1.3746770e+00   1.6921470e-02  -3.8580394e-03   2.7437441e-03
   2.1515834e-01  -2.0063009e-01   1.4163290e+00   1.6236992e-02  -3.8677296e-03   3.0916661e-03
   2.1029330e-01  -2.0223357e-01   1.3775907e+00   1.6139607e-02  -3.4578559e-03   3.2509697e-03
   1.9795095e-01  -2.6549644e-01   1.4531580e+00   1.5961050e-02  -3.4700846e-03   2.5869525e-03
   2.3446675e-01  -2.6740082e-01   1.4548255e+00   1.6106199e-02  -2.7262755e-03   3.1213121e-03
   2.2975606e-01  -1.8468350e-01   1.3954123e+00   1.6115399e-02  -2.7683825e-03   3.2638648e-03
   2.3040667e-01  -1.6476970e-01   1.3703723e+00   1.8398464e-02  -2.0780400e-03   3.2702523e-03
   2.2945591e-01  -1.7867328e-01   1.2850416e+00   1.7091902e-02  -3.1394131e-03   3.8451149e-03
   2.4361219e-01  -1.5557023e-01   1.3066286e+00   1.8001428e-02  -3.0160382e-03   3.7706192e-03
   2.4173195e-01  -1.9367745e-01   1.3117383e+00   1.6499569e-02  -3.0501491e-03   3.9806676e-03
   2.3743437e-01  -2.4729160e-01   1.2536937e+00   1.7102681e-02  -2.4521728e-03   4.3548614e-03
   2.4276951e-01  -2.1071463e-01   1.2461621e+00   1.7337589e-02  -3.2139072e-03   4.3520116e-03
   2.3335878e-01  -1.8062267e-01   1.2473966e+00   1.8367540e-02  -3.4219835e-03   3.9720482e-03
   2.2749096e-01  -2.2099359e-01   1.2780012e+00   1.6453800e-02  -3.6332235e-03   4.1077544e-03
   2.1059055e-01  -2.1483004e-01   1.2376184e+00   1.7624583e-02  -2.6643241e-03   3.6882919e-03
   1.8955659e-01  -1.8747528e-01   1.1989893e+00   1.7868069e-02  -1.9333566e-03   2.9648177e-03
   2.1123133e-01  -1.7998746e-01   1.1718802e+00   1.8742021e-02  -2.9366546e-03   4.1671731e-03
   2.4479084e-01  -2.1114990e-01   1.2138602e+00   1.8354871e-02  -2.6604749e-03   4.5777128e-03
   1.9691249e-01  -1.9765203e-01   1.1948281e+00   1.8136984e-02  -2.6329589e-03   4.0266304e-03
   1.8003288e-01  -1.7814746e-01   1.0848996e+00   1.9588430e-02  -2.5879759e-03   3.4480172e-03
   2.0842653e-01  -1.7265666e-01   1.0948921e+00   1.9814086e-02  -2.2987786e-03   4.2100980e-03
   2.0148278e-01  -1.6275417e-01   1.1408964e+00   1.9579366e-02  -2.5543246e-03   3.9480183e-03
   2.0017112e-01  -2.1892150e-01   1.1781958e+00   1.8095017e-02  -2.5456097e-03   4.3749978e-03
   1.9491134e-01  -2.4455865e-01   1.1570439e+00   1.7499868e-02  -2.2373509e-03   4.2634401e-03
   2.1127573e-01  -2.4464838e-01   1.1912219e+00   1.7572338e-02  -2.4530477e-03   4.4208392e-03
   2.2364388e-01  -2.3112991e-01   1.2059793e+00   1.7979973e-02  -2.5607656e-03   4.4791788e-03
   2.1237099e-01  -2.7556212e-01   1.2239740e+00   1.7377139e-02  -2.8045084e-03   4.7020231e-03
   2.3015022e-01  -2.7917717e-01   1.1906300e+00   1.7967839e-02  -2.5324980e-03   4.7490808e-03
   2.3341842e-01  -2.5242540e-01   1.1973412e+00   1.8000055e-02  -2.4968000e-03   4.7937442e-03
   2.4494326e-01  -2.2949486e-01   1.2059371e+00   1.8726841e-02  -2.7270283e-03   4.7804677e-03
   2.3661714e-01  -2.6506932e-01   1.2211334e+00   1.7636653e-02  -2.4067040e-03   5.1645728e-03
   2.3223967e-01  -2.6547291e-01   1.1682015e+00   1.8080262e-02  -2.3638075e-03   5.2408313e-03
   2.4308207e-01  -2.5922578e-01   1.1829598e+00   1.8233599e-02  -2.4508531e-03   5.2784466e-03
   2.5628039e-01  -2.5470929e-01   1.1709742e+00   1.7648542e-02  -2.6701402e-03   4.8644455e-03
   2.2712394e-01  -2.8542531e-01   1.2382191e+00   1.6387443e-02  -2.9677412e-03   4.6491204e-03
   2.1811923e-01  -2.6238542e-01   1.1110089e+00   1.8540219e-02  -3.2024226e-03   3.9086869e-03
   1.8413005e-01  -2.4888062e-01   1.0199479e+00   1.8696550e-02  -4.2765486e-03   3.5028185e-03
   1.9243419e-01  -2.0660788e-01   1.0563700e+00   1.9920007e-02  -4.2197604e-03   3.6324025e-03
   1.7749488e-01  -2.3127879e-01   1.0998362e+00   1.9323634e-02  -4.5826549e-03   3.6702323e-03
   1.9773291e-01  -2.6354262e-01   1.0562040e+00   1.9234245e-02  -4.0645158e-03   4.0801782e-03
   2.0678485e-01  -2.5381285e-01   1.0257224e+00   1.9319263e-02  -4.0827665e-03   3.9562985e-03
   2.0942299e-01  -2.4077769e-01   1.0562238e+00   1.9177973e-02  -4.0557787e-03   4.0536030e-03
   2.2489963e-01  -2.7135748e-01   1.1017321e+00   1.8518683e-02  -4.0425871e-03   4.4547473e-03
   2.1692079e-01  -2.7773636e-01   1.0570476e+00   1.8922279e-02  -3.4945485e-03   4.3453868e-03
   2.1924124e-01  -2.6640431e-01   1.0136530e+00   1.9222690e-02  -3.1005253e-03   4.4487536e-03
   2.3708077e-01  -2.5996118e-01   1.0372537e+00   1.9885089e-02  -3.2546928e-03   4.7933591e-03
   2.1772769e-01  -2.9168639e-01   1.0748120e+00   1.8777017e-02  -3.7395002e-03   4.5769525e-03
   2.3084984e-01  -2.5051672e-01   1.0515108e+00   2.0412352e-02  -2.9965682e-03   4.9901157e-03
   2.0991222e-01  -2.5639915e-01   1.0323708e+00   2.0963567e-02  -2.6967518e-03   5.0265182e-03
   2.2095587e-01  -2.9069900e-01   1.0642432e+00   1.9681987e-02  -3.2789548e-03   5.1580317e-03
   2.2012027e-01  -2.8409115e-01   1.0814735e+00   1.9808681e-02  -3.3498777e-03   5.2382299e-03
   2.2536661e-01  -3.3622071e-01   1.0971401e+00   1.9397016e-02  -3.6536092e-03   5.3190690e-03
   2.2978708e-01  -3.0784657e-01   1.0673306e+00   1.9736685e-02  -3.4186312e-03   5.3167836e-03
   2.2777373e-01  -2.8522114e-01   1.0621162e+00   2.0049211e-02  -3.7601816e-03   5.0037265e-03
   2.1755649e-01  -2.9210435e-01   1.0732296e+00   1.9912358e-02  -3.8266283e-03   4.8480533e-03
   2.2134779e-01  -3.4263082e-01   1.0681078e+00   1.9200812e-02  -3.7384281e-03   5.2256266e-03
   2.0767782e-01  -3.2788731e-01   1.0416687e+00   1.9105770e-02  -3.4426843e-03   5.3559774e-03
   2.0079237e-01  -3.2952061e-01   1.0550955e+00   1.8897056e-02  -3.7699595e-03   4.9606600e-03
   1.8116053e-01  -3.1325892e-01   1.0501627e+00   1.9209880e-02  -3.9626594e-03   4.7511920e-03
   1.8162643e-01  -3.7019864e-01   1.0627830e+00   1.8133709e-02  -4.5777029e-03   5.2977994e-03
   1.6020944e-01  -3.4930019e-01   1.0392734e+00   1.8379859e-02  -4.0602710e-03   5.3199093e-03
   1.5614103e-01  -3.6646526e-01   1.0414305e+00   1.8204340e-02  -4.3300291e-03   5.0845399e-03
   1.4858589e-01  -3.3175209e-01   1.0516122e+00   1.9254865e-02  -4.6146208e-03   5.1724949e-03
   1.3099294e-01  -3.6052081e-01   1.0825465e+00   1.8287026e-02  -5.0357713e-03   4.9988565e-03
   1.2069719e-01  -3.5198919e-01   1.0540889e+00   1.8503905e-02  -5.0977875e-03   4.9046116e-03
   1.3356087e-01  -3.6613337e-01   1.0785515e+00   1.8418536e-02  -5.4943129e-03   4.6597708e-03
   1.3153381e-01  -3.3318667e-01   1.0652781e+00   1.9103254e-02  -5.3469306e-03   4.8971369e-03
   1.3282689e-01  -3.8345787e-01   1.0632513e+00   1.8322736e-02  -5.7137597e-03   4.7471755e-03
   1.1827236e-01  -3.8670001e-01   1.0347244e+00   1.8300166e-02  -5.3384644e-03   4.9909764e-03
   1.1821519e-01  -3.9337654e-01   9.9113599e-01   1.7888129e-02  -5.6444075e-03   4.5736763e-03
   1.1005040e-01  -3.2689499e-01   1.0024005e+00   1.8808103e-02  -5.9269810e-03   4.4878800e-03
   1.3717409e-01  -4.0498987e-01   1.0681276e+00   1.7201017e-02  -6.0547331e-03   5.1219528e-03
   9.9140100e-02  -3.2154754e-01   9.9157878e-01   1.9156664e-02  -5.4083132e-03   4.7652602e-03
   8.9163887e-02  -3.1120606e-01   9.1415976e-01   2.0671915e-02  -4.4282654e-03   4.5349817e-03
   7.0780833e-02  -2.9048988e-01   9.1855932e-01   2.0340603e-02  -5.3381770e-03   4.6301721e-03
   1.0812360e-01  -3.0391549e-01   9.3585604e-01   2.0073748e-02  -5.3335411e-03   4.4784159e-03
   8.2899800e-02  -2.8527290e-01   9.4389573e-01   1.9301416e-02  -5.2271785e-03   4.9100835e-03
   1.6646546e-01  -2.6273189e-01   8.7963376e-01   2.0535233e-02  -4.7844717e-03   6.0877942e-03
   1.0645060e-01  -2.2242343e-01   8.5106824e-01   2.1607413e-02  -5.2919699e-03   5.5084768e-03
   9.8843674e-02  -2.3540031e-01   9.0305553e-01   2.1500485e-02  -5.4299395e-03   5.4467573e-03
   8.1283782e-02  -2.1958894e-01   9.2871059e-01   2.1081278e-02  -5.6837304e-03   5.3942659e-03
   1.0555400e-01  -1.9737943e-01   9.1828765e-01   2.1071390e-02  -4.9971971e-03   5.3025025e-03
   9.7457429e-02  -2.7730034e-01   9.2826621e-01   2.2109500e-02  -5.2316943e-03   5.5346406e-03
   1.5789517e-01  -2.3685287e-01   8.6638237e-01   2.3365510e-02  -4.7456786e-03   5.8541498e-03
   8.7372043e-02  -2.3178651e-01   9.3397331e-01   2.2240655e-02  -6.0534292e-03   6.1495952e-03
   1.3592733e-01  -2.9118644e-01   9.0993688e-01   2.1958463e-02  -6.2004339e-03   6.0736884e-03
   8.9702115e-02  -2.1938895e-01   8.4874260e-01   2.2766731e-02  -6.1963475e-03   6.2376123e-03
   1.0814122e-01  -2.3665466e-01   9.0127437e-01   2.2617138e-02  -6.3682839e-03   5.6208108e-03
   6.9822233e-02  -2.5149419e-01   9.3608090e-01   2.1948493e-02  -6.8712299e-03   6.3409634e-03
   1.2432961e-01  -3.3915042e-01   9.0749520e-01   2.1288480e-02  -6.6512759e-03   6.4889523e-03
   5.6969272e-02  -2.5336245e-01   8.5139230e-01   2.1766057e-02  -6.4588608e-03   6.1221756e-03
   1.8541723e-01  -3.7280175e-01   9.2468223e-01   1.8833085e-02  -6.6823060e-03   5.3631683e-03
   6.2821232e-02  -2.5973090e-01   8.9251473e-01   1.9734439e-02  -7.2701351e-03   5.8406694e-03
   2.0993202e-01  -4.0190429e-01   9.6510460e-01   1.9690749e-02  -7.2759673e-03   5.9469189e-03
  -6.2060013e-03  -1.0391106e-01   8.0292195e-01   2.3947485e-02  -7.8089104e-03   6.4582409e-03
   1.1235428e+00  -1.3507262e+00   1.0702714e+00   7.0669471e-03  -4.3181064e-03   4.3370975e-03
   9.2002390e-01  -1.9506446e+00  -7.0818877e-02  -4.1826740e-02  -1.6207313e-02   1.1697138e-02
   4.3369077e-01  -8.3242655e-01   1.9560630e-01  -2.2781280e-02  -1.3663463e-02   1.2294068e-02
   6.4428026e-01  -1.1154610e+00   2.7109440e-01  -2.6107948e-02  -1.1548196e-02   1.3015688e-02
   5.0105257e-01  -8.6113302e-01   1.7995810e-01  -2.0608102e-02  -1.1514888e-02   1.2976287e-02
   5.9314276e-01  -9.9286521e-01   2.9178754e-01  -2.2472015e-02  -1.1084685e-02   1.2363861e-02
   5.0341984e-01  -8.3866616e-01   3.7211686e-01  -1.9472400e-02  -1.1325254e-02   1.1719751e-02
   5.2563517e-01  -9.4124949e-01   3.9484436e-01  -2.0683986e-02  -1.1698981e-02   1.0598972e-02
   4.4217839e-01  -8.6719495e-01   3.9907309e-01  -1.8916796e-02  -1.2032569e-02   9.8753847e-03
   4.9985944e-01  -9.4561549e-01   4.1417888e-01  -1.9694194e-02  -1.1904457e-02   9.9338016e-03
   4.2130310e-01  -8.4738812e-01   3.9902762e-01  -1.7480444e-02  -1.2044115e-02   9.5961310e-03
   4.4531662e-01  -9.0118418e-01   4.1295690e-01  -1.7853622e-02  -1.2284054e-02   9.4554870e-03
   3.7770080e-01  -8.3733961e-01   4.1725313e-01  -1.6417445e-02  -1.2653260e-02   8.7472032e-03
